timepoint,stationcode,longitude,latitude,area,positionname,primarypollutant,aqi,pm10,pm10_24h,pm2_5,pm2_5_24h,o3,o3_24h,o3_8h,o3_8h_24h,no2,no2_24h,so2,so2_24h,co,co_24h
2026-06-14T0600,2568A,102.2503,31.8896,阿坝藏族羌族自治州,马师校,,22,22,18,11,11,27,27,NA,NA,3,4,3,3,0.2,0.2
2026-06-14T0600,3994A,102.2174,31.9016,阿坝藏族羌族自治州,马尔康中学西区,,13,13,14,8,8,31,31,NA,NA,5,6,2,2,0.0,0.1
2026-06-14T0600,2695A,80.2899,41.1684,阿克苏地区,电视台,,32,26,64,22,54,89,89,NA,NA,3,7,3,3,0.5,0.5
2026-06-14T0600,2696A,80.2592,41.1541,阿克苏地区,艺术中心,,31,31,47,12,35,98,98,NA,NA,5,26,4,4,0.5,0.6
2026-06-14T0600,2205A,105.699,38.8409,阿拉善盟,蒙二幼,,36,11,13,3,4,115,115,NA,NA,2,3,9,9,0.3,0.3
2026-06-14T0600,2206A,105.7198,38.8508,阿拉善盟,环保局新楼,,40,13,12,3,3,127,127,NA,NA,2,3,12,11,0.3,0.4
2026-06-14T0600,2708A,88.1266,47.8515,阿勒泰地区,市站,,28,17,22,3,4,88,88,NA,NA,3,6,7,7,0.0,0.1
2026-06-14T0600,4166A,88.1198,47.7931,阿勒泰地区,阿勒泰路33号,,26,17,36,3,5,83,83,NA,NA,3,5,6,6,0.2,0.2
2026-06-14T0600,2630A,80.1171,32.4999,阿里地区,阿里监测站,,31,14,9,3,2,99,99,NA,NA,4,3,1,2,0.3,0.3
2026-06-14T0600,3192A,80.0906,32.5029,阿里地区,阿里藏医院,,33,7,8,3,2,104,104,NA,NA,1,1,4,4,0.3,0.3
2026-06-14T0600,2644A,109.0088,32.6974,安康市,汉滨区检察院,,29,29,33,17,17,20,20,NA,NA,8,9,5,6,0.4,0.5
2026-06-14T0600,4054A,109.0324,32.6913,安康市,市邮政管理局,,27,27,29,12,21,24,24,NA,NA,8,9,4,5,0.4,0.5
2026-06-14T0600,2291A,117.0806,30.5181,安庆市,环科院,,43,30,26,30,25,45,45,NA,NA,9,18,8,9,0.6,0.6
2026-06-14T0600,2292A,117.0331,30.5118,安庆市,马山宾馆,,50,NA,24,35,27,59,59,NA,NA,8,19,10,9,0.8,0.8
2026-06-14T0600,2294A,116.9897,30.6146,安庆市,安庆大学,,36,31,21,25,18,9,9,NA,NA,11,12,4,3,0.5,0.3
2026-06-14T0600,3173A,117.0598,30.5351,安庆市,市人大,细颗粒物(PM2.5),52,NA,23,36,24,34,34,NA,NA,18,17,6,5,0.5,0.5
2026-06-14T0600,3123A,105.9408,26.2431,安顺市,凤凰山,,26,26,23,17,18,49,49,NA,NA,14,15,9,12,0.4,0.4
2026-06-14T0600,3124A,105.9443,26.2567,安顺市,金钟山,,41,41,25,17,19,45,45,NA,NA,10,8,10,12,0.5,0.5
2026-06-14T0600,3125A,105.8983,26.248,安顺市,娄家坡,,23,23,17,16,14,55,55,NA,NA,7,7,7,5,0.3,0.3
2026-06-14T0600,1819A,114.3552,36.1017,安阳市,红庙街,,42,42,48,25,24,114,114,NA,NA,6,7,8,6,0.7,0.5
2026-06-14T0600,1820A,114.361,36.0681,安阳市,银杏小区,,40,33,46,28,23,121,121,NA,NA,7,9,3,4,0.3,0.2
2026-06-14T0600,3141A,114.3921,36.0879,安阳市,信访局,,49,NA,48,34,23,120,120,NA,NA,5,9,3,3,0.5,0.4
2026-06-14T0600,3669A,114.4706,36.0634,安阳市,左辅环卫站,,43,43,52,26,19,95,95,NA,NA,14,12,1,3,0.4,0.4
2026-06-14T0600,4117A,114.2918,36.0769,安阳市,钢三路198号,颗粒物(PM10),52,52,47,32,28,112,112,NA,NA,9,10,4,4,0.6,0.5
2026-06-14T0600,1748A,123.0441,41.1201,鞍山市,深沟寺,,25,21,28,12,16,77,77,NA,NA,6,9,6,5,0.5,0.7
2026-06-14T0600,1749A,123.011,41.0931,鞍山市,太阳城,,26,24,32,14,19,82,82,NA,NA,8,8,9,8,0.6,0.6
2026-06-14T0600,1750A,123.0483,41.1445,鞍山市,太平,NA,NA,26,34,13,18,85,85,NA,NA,10,13,NA,5,0.6,0.7
2026-06-14T0600,1751A,122.964,41.0968,鞍山市,铁西三道街,NA,NA,44,41,24,22,69,69,NA,NA,33,17,NA,6,1.1,0.7
2026-06-14T0600,1753A,123.0219,41.0822,鞍山市,明达新区,NA,NA,21,29,13,17,85,85,NA,NA,9,9,NA,6,0.5,0.5
2026-06-14T0600,4201A,122.944647,41.082639,鞍山市,兴盛南路290号,颗粒物(PM10),57,59,46,29,24,54,54,NA,NA,38,17,10,7,0.8,0.7
2026-06-14T0600,2195A,107.4206,40.7609,巴彦淖尔市,附二中,,30,30,25,11,10,67,67,NA,NA,9,7,24,12,0.4,0.4
2026-06-14T0600,2196A,107.37,40.7372,巴彦淖尔市,市环保大楼,,28,28,28,12,7,84,84,NA,NA,6,6,8,8,0.5,0.5
2026-06-14T0600,1956A,86.1476,41.7529,巴音郭楞蒙古自治州,孔雀公园,,38,38,62,12,18,117,117,NA,NA,2,12,5,5,0.2,0.2
2026-06-14T0600,1957A,86.1971,41.7166,巴音郭楞蒙古自治州,棉纺厂,,43,43,81,6,25,107,107,NA,NA,10,14,/,/,/,/
2026-06-14T0600,1958A,86.236,41.7172,巴音郭楞蒙古自治州,经济开发区,,32,32,65,8,20,100,100,NA,NA,3,7,4,3,0.1,0.2
2026-06-14T0600,3181A,106.776805,31.852614,巴中市,市五中,,39,36,27,27,22,17,17,NA,NA,12,10,7,7,0.8,0.7
2026-06-14T0600,3183A,106.7419,31.8654,巴中市,圣泉水务公司,,38,30,26,26,22,18,18,NA,NA,23,17,8,8,0.8,0.7
2026-06-14T0600,3616A,106.7617,31.8343,巴中市,市中心医院,细颗粒物(PM2.5),52,42,29,36,24,12,12,NA,NA,23,12,7,7,0.8,0.7
2026-06-14T0600,2235A,122.7909,45.608,白城市,洮北区环保局,,24,23,30,10,7,76,76,NA,NA,5,6,4,4,0.0,0.1
2026-06-14T0600,2236A,122.8741,45.5725,白城市,市环保局,,23,NA,13,12,8,73,73,NA,NA,5,6,5,4,0.2,0.2
2026-06-14T0600,2231A,126.4219,41.9172,白山市,喜丰,,50,50,53,27,23,10,10,NA,NA,18,24,10,10,0.7,0.7
2026-06-14T0600,2232A,126.4082,41.9416,白山市,环保局,,30,27,31,21,20,9,9,NA,NA,6,10,12,12,0.6,0.7
2026-06-14T0600,2647A,104.1727,36.5448,白银市,第三小学,,40,40,43,16,15,60,60,NA,NA,27,16,11,25,0.6,0.6
2026-06-14T0600,2648A,104.1467,36.5482,白银市,动力公司,,42,42,39,21,14,81,81,NA,NA,20,18,11,10,0.8,0.4
2026-06-14T0600,2512A,106.6102,23.901,百色市,市监测站,,21,NA,29,12,17,66,66,NA,NA,5,10,7,9,0.8,0.7
2026-06-14T0600,2513A,106.6524,23.8842,百色市,市中心血站,,22,12,33,10,23,68,68,NA,NA,8,13,7,13,0.2,0.4
2026-06-14T0600,4133A,106.6273,23.8798,百色市,龙景西路,,26,18,39,10,21,81,81,NA,NA,8,14,8,11,0.5,0.6
2026-06-14T0600,2270A,117.396,32.9389,蚌埠市,工人疗养院,NA,NA,42,38,37,20,NA,NA,NA,NA,26,12,6,6,0.5,0.4
2026-06-14T0600,2271A,117.3606,32.9428,蚌埠市,百货大楼,,30,25,30,21,16,74,74,NA,NA,18,11,8,8,0.5,0.5
2026-06-14T0600,2273A,117.4183,32.8909,蚌埠市,蚌埠学院,细颗粒物(PM2.5),109,NA,38,69,27,50,50,NA,NA,20,11,6,6,0.5,0.4
2026-06-14T0600,2274A,117.3534,32.9672,蚌埠市,淮上区政府,,49,41,30,34,16,42,42,NA,NA,38,11,5,6,0.4,0.3
2026-06-14T0600,2275A,117.3143,32.8977,蚌埠市,高新区,,43,41,38,30,23,63,63,NA,NA,21,13,10,8,0.4,0.3
2026-06-14T0600,3715A,117.3091,32.9314,蚌埠市,蚌埠田家炳中学,细颗粒物(PM2.5),52,44,37,36,20,52,52,NA,NA,26,9,8,8,0.6,0.5
2026-06-14T0600,1585A,109.8761,40.6533,包头市,市环境监测站,,22,20,32,15,16,31,31,NA,NA,37,21,9,12,0.3,0.2
2026-06-14T0600,1587A,109.9992,40.5843,包头市,包头八中,,32,32,35,18,14,22,22,NA,NA,42,21,15,13,0.5,0.4
2026-06-14T0600,1589A,109.8641,40.6288,包头市,惠龙物流,NA,NA,25,25,16,13,50,50,NA,NA,26,16,NA,13,0.4,0.3
2026-06-14T0600,1590A,110.0376,40.5546,包头市,东河鸿龙湾,NA,NA,23,23,16,14,31,31,NA,NA,39,19,NA,8,0.6,0.5
2026-06-14T0600,3283A,109.9154,40.5684,包头市,滨河大厦,,28,17,31,17,13,17,17,NA,NA,55,27,11,11,0.4,0.4
2026-06-14T0600,3419A,109.9449,40.6259,包头市,包头市委党校,,23,18,21,16,17,35,35,NA,NA,37,19,16,13,0.9,0.7
2026-06-14T0600,3683A,109.8332,40.6577,包头市,昆区政府,NA,NA,21,30,15,17,30,30,NA,NA,38,22,NA,15,0.5,0.6
2026-06-14T0600,1931A,107.0802,34.3129,宝鸡市,竹园沟,,18,18,23,11,13,54,54,NA,NA,3,4,5,6,0.5,0.5
2026-06-14T0600,1933A,107.1429,34.3549,宝鸡市,监测站,,23,21,31,16,19,59,59,NA,NA,9,9,11,7,0.3,0.4
2026-06-14T0600,1934A,107.1172,34.3759,宝鸡市,技工学校,,23,16,32,16,18,60,60,NA,NA,4,6,6,6,0.5,0.5
2026-06-14T0600,1936A,107.2025,34.3518,宝鸡市,文理学院,,25,22,35,17,18,59,59,NA,NA,10,13,8,7,0.3,0.3
2026-06-14T0600,1937A,107.2396,34.3626,宝鸡市,三迪小学,,27,27,37,13,20,55,55,NA,NA,10,11,8,8,0.5,0.5
2026-06-14T0600,4155A,107.1721,34.3558,宝鸡市,滨河北路,,32,32,34,17,17,55,55,NA,NA,6,7,7,6,0.6,0.6
2026-06-14T0600,4308A,107.3898,34.3601,宝鸡市,陈仓区北开路21号,,44,44,46,23,21,38,38,NA,NA,22,19,90,26,0.7,0.4
2026-06-14T0600,1051A,115.4803,38.8568,保定市,游泳馆,,33,33,34,14,21,77,77,NA,NA,9,10,4,5,0.1,0.2
2026-06-14T0600,1052A,115.509,38.8895,保定市,华电二区,NA,NA,37,30,7,17,NA,NA,NA,NA,10,10,3,3,0.5,0.5
2026-06-14T0600,1053A,115.4588,38.9037,保定市,接待中心,,38,38,36,23,21,68,68,NA,NA,10,11,1,2,0.0,0.1
2026-06-14T0600,1054A,115.4484,38.8344,保定市,地表水厂,,39,39,42,8,19,83,83,NA,NA,8,12,2,3,0.3,0.5
2026-06-14T0600,3581A,115.3136,38.9511,保定市,满城区生态环境分局,,27,27,29,11,20,69,69,NA,NA,15,12,2,2,0.1,0.2
2026-06-14T0600,3582A,115.4709,38.7628,保定市,清苑区第二中学,NA,NA,43,48,16,21,NA,NA,NA,NA,10,15,1,3,0.3,0.3
2026-06-14T0600,3583A,115.6231,39.0223,保定市,徐水物探局,,43,43,46,21,23,50,50,NA,NA,18,17,3,3,0.3,0.4
2026-06-14T0600,4004A,115.4199,38.8665,保定市,双鹰农机,,28,28,36,18,21,76,76,NA,NA,8,10,9,3,0.1,0.2
2026-06-14T0600,4034A,115.515,38.8589,保定市,植保所站,,35,35,37,14,19,72,72,NA,NA,12,13,3,4,0.3,0.3
2026-06-14T0600,2594A,99.1589,25.1137,保山市,市环境监测站,,16,10,12,8,8,49,49,NA,NA,7,7,5,5,0.3,0.3
2026-06-14T0600,2595A,99.1616,25.1381,保山市,市环保局,,23,NA,14,16,14,48,48,NA,NA,6,5,4,4,0.3,0.3
2026-06-14T0600,1867A,109.1435,21.4085,北海市,海滩公园,,47,47,42,10,9,72,72,NA,NA,4,4,1,2,0.6,0.6
2026-06-14T0600,1868A,109.0983,21.466,北海市,新市环保局,,32,24,20,22,16,86,86,NA,NA,3,4,3,4,0.4,0.4
2026-06-14T0600,1869A,109.1775,21.5232,北海市,北海工业园,,23,23,23,11,11,70,70,NA,NA,2,3,1,1,0.3,0.3
2026-06-14T0600,3400A,109.1844,21.4396,北海市,龙潭自来水厂,,23,23,18,10,5,71,71,NA,NA,2,2,2,2,0.5,0.5
2026-06-14T0600,1001A,116.3611,39.8786,北京市,万寿西宫,,31,31,40,12,22,50,50,NA,NA,28,14,3,4,0.3,0.4
2026-06-14T0600,1003A,116.4174,39.9289,北京市,东四,,31,31,38,17,21,54,54,NA,NA,29,19,2,3,0.1,0.3
2026-06-14T0600,1004A,116.4073,39.8858,北京市,天坛,,27,27,37,18,21,56,56,NA,NA,25,15,1,2,0.3,0.4
2026-06-14T0600,1005A,116.4622,39.9364,北京市,农展馆,,25,25,39,16,22,47,47,NA,NA,22,17,2,3,0.3,0.4
2026-06-14T0600,1006A,116.3399,39.9293,北京市,官园,,29,29,39,17,22,29,29,NA,NA,38,17,4,5,0.3,0.3
2026-06-14T0600,1007A,116.2879,39.9613,北京市,海淀万柳,,32,32,42,20,21,21,21,NA,NA,28,22,4,4,0.2,0.3
2026-06-14T0600,1008A,116.6635,40.1349,北京市,顺义新城,,17,12,42,3,27,52,52,NA,NA,9,8,3,4,0.3,0.5
2026-06-14T0600,1009A,116.6275,40.327,北京市,怀柔镇,,13,13,39,3,25,38,38,NA,NA,6,8,1,2,0.3,0.5
2026-06-14T0600,1010A,116.2295,40.217,北京市,昌平镇,,11,9,36,3,22,27,27,NA,NA,21,18,4,4,0.5,0.6
2026-06-14T0600,1011A,116.3968,39.982,北京市,奥体中心,,23,23,37,15,22,37,37,NA,NA,25,18,3,4,0.4,0.5
2026-06-14T0600,3418A,116.8336,40.4095,北京市,密云新城,,22,8,33,3,21,69,69,NA,NA,4,7,1,2,0.2,0.4
2026-06-14T0600,3671A,116.0879,39.9725,北京市,门头沟三家店,,14,14,27,3,12,22,22,NA,NA,22,17,1,1,0.3,0.4
2026-06-14T0600,3672A,116.1507,39.8246,北京市,丰台云岗,,15,15,38,3,18,31,31,NA,NA,17,13,2,2,0.3,0.4
2026-06-14T0600,3674A,115.9578,39.7602,北京市,房山燕山,,16,16,32,8,13,38,38,NA,NA,7,11,3,3,0.4,0.4
2026-06-14T0600,3675A,116.4669,39.7734,北京市,大兴旧宫,,17,16,41,8,23,40,40,NA,NA,33,21,1,2,0.4,0.5
2026-06-14T0600,3694A,115.9859,40.4562,北京市,延庆石河营,,12,12,27,7,15,22,22,NA,NA,10,12,2,2,0.3,0.4
2026-06-14T0600,3695A,116.6151,40.3052,北京市,怀柔新城,,15,11,39,3,25,47,47,NA,NA,6,8,3,2,0.4,0.6
2026-06-14T0600,3696A,116.2542,39.8764,北京市,丰台小屯,,33,33,41,18,20,36,36,NA,NA,18,16,2,3,0.4,0.5
2026-06-14T0600,3697A,116.8399,40.3843,北京市,密云镇,,23,9,34,3,23,71,71,NA,NA,6,10,3,4,0.4,0.6
2026-06-14T0600,4057A,115.9423,40.4431,北京市,延庆百泉,,16,16,27,8,17,23,23,NA,NA,12,11,1,1,0.2,0.4
2026-06-14T0600,4058A,116.6598,39.9164,北京市,通州新华,,16,14,47,7,25,49,49,NA,NA,20,17,3,3,0.4,0.6
2026-06-14T0600,4182A,116.1942,39.9158,北京市,石景山八角,,30,30,43,14,20,41,41,NA,NA,26,24,3,3,0.3,0.4
2026-06-14T0600,4194A,117.078628,40.151726,北京市,平谷新城,,16,13,42,6,28,49,49,NA,NA,3,6,3,2,0.4,0.5
2026-06-14T0600,1761A,123.8274146,41.31234549,本溪市,大峪,,34,34,31,14,17,88,88,NA,NA,23,10,7,7,0.7,0.6
2026-06-14T0600,1763A,123.7169,41.3094,本溪市,彩屯,颗粒物(PM10),60,63,33,38,21,54,54,NA,NA,34,17,11,12,1.9,1.6
2026-06-14T0600,1764A,123.7672166,41.28649327,本溪市,东明,,31,27,40,18,17,98,98,NA,NA,18,13,5,6,0.7,0.6
2026-06-14T0600,1765A,123.799345,41.266614,本溪市,新立屯,,25,23,31,13,16,77,77,NA,NA,19,10,8,8,0.7,0.6
2026-06-14T0600,1766A,123.829144,41.336777,本溪市,威宁,NA,NA,39,36,20,19,77,77,NA,NA,17,9,NA,8,0.7,0.6
2026-06-14T0600,2587A,105.287,27.3133,毕节市,八中,,20,20,25,14,16,32,32,NA,NA,10,10,7,8,0.4,0.4
2026-06-14T0600,2588A,105.3079,27.2987,毕节市,师专,,28,28,30,16,17,23,23,NA,NA,11,13,9,8,0.4,0.4
2026-06-14T0600,4263A,105.3688,27.3598,毕节市,工业大道,,28,28,25,11,12,15,15,NA,NA,22,15,6,7,/,/
2026-06-14T0600,1629A,117.9961,37.3604,滨州市,第二水厂,,40,NA,62,28,23,79,79,NA,NA,11,16,10,9,0.6,0.6
2026-06-14T0600,1630A,117.9789,37.3931,滨州市,北中新校,,38,29,50,26,22,92,92,NA,NA,11,15,10,11,0.7,0.7
2026-06-14T0600,3514A,117.9379,37.3959,滨州市,中海酒店,NA,NA,NA,46,26,18,92,92,NA,NA,14,18,NA,10,0.4,0.4
2026-06-14T0600,3515A,117.9381509,37.35547456,滨州市,开发区一中,,45,NA,60,31,21,79,79,NA,NA,16,18,6,10,0.3,0.2
2026-06-14T0600,3516A,118.0914,37.6938,滨州市,金海六路,,30,15,62,14,27,95,95,NA,NA,11,16,6,9,0.7,0.7
2026-06-14T0600,4028A,117.9955,37.3752,滨州市,滨州市西街道办事处,,35,24,57,24,23,85,85,NA,NA,10,16,4,7,0.6,0.6
2026-06-14T0600,2311A,115.8071,33.8399,亳州市,污水处理厂,,38,NA,17,26,10,64,64,NA,NA,18,10,6,5,0.2,0.4
2026-06-14T0600,2312A,115.7789,33.8519,亳州市,三国揽胜宫,,36,36,33,21,11,80,80,NA,NA,11,7,4,4,0.2,0.2
2026-06-14T0600,3332A,115.7631,33.803,亳州市,亳州学院,,42,NA,20,29,13,74,74,NA,NA,13,8,6,5,0.3,0.2
2026-06-14T0600,2693A,82.0482,44.8553,博尔塔拉蒙古自治州,市党校,,23,16,26,10,7,72,72,NA,NA,4,4,3,3,0.0,0.1
2026-06-14T0600,2694A,82.0805,44.8966,博尔塔拉蒙古自治州,市环保局,,22,22,24,3,4,60,60,NA,NA,6,11,6,6,0.6,0.6
2026-06-14T0600,1071A,116.8733,38.2922,沧州市,沧县城建局,,27,27,40,14,26,81,81,NA,NA,9,14,3,5,0.5,0.5
2026-06-14T0600,1072A,116.8462,38.3189,沧州市,电视转播站,NA,NA,36,46,15,24,45,45,NA,NA,NA,16,6,8,0.3,0.3
2026-06-14T0600,1073A,116.8588,38.3161,沧州市,市环保局,,39,35,53,27,28,58,58,NA,NA,13,13,3,5,0.5,0.5
2026-06-14T0600,3324A,116.8011,38.294,沧州市,河北水利电力学院,,24,19,32,15,25,75,75,NA,NA,9,14,4,6,0.2,0.3
2026-06-14T0600,2622A,97.1813,31.1289,昌都市,昌都监测站,,28,6,10,3,3,88,88,NA,NA,6,10,6,6,0.7,0.6
2026-06-14T0600,3719A,97.1707,31.1428,昌都市,昌都会议中心,,33,6,7,3,3,103,103,NA,NA,3,5,6,6,0.4,0.5
2026-06-14T0600,2692A,87.2722,44.0298,昌吉回族自治州,新区政务中心,,22,14,21,12,11,70,70,NA,NA,13,8,7,7,0.2,0.1
2026-06-14T0600,3613A,87.3069,44.0093,昌吉回族自治州,亚心广场,,21,19,26,14,11,66,66,NA,NA,18,11,7,7,0.2,0.1
2026-06-14T0600,4164A,87.2057,43.9289,昌吉回族自治州,财政所,,20,17,32,3,7,61,61,NA,NA,9,6,5,6,0.1,0.2
2026-06-14T0600,1120A,125.2874,43.9024,长春市,客车厂,,45,NA,29,31,32,38,38,NA,NA,27,35,6,6,0.4,0.5
2026-06-14T0600,1121A,125.2943,43.8508,长春市,邮电学院,,43,NA,25,30,30,43,43,NA,NA,15,23,7,7,0.5,0.5
2026-06-14T0600,1122A,125.3648,43.8745,长春市,劳动公园,,38,NA,34,26,30,41,41,NA,NA,21,32,6,7,0.5,0.6
2026-06-14T0600,1123A,125.3233,43.8781,长春市,园林处,细颗粒物(PM2.5),52,NA,29,36,34,42,42,NA,NA,17,25,3,3,0.4,0.5
2026-06-14T0600,1124A,125.4604,43.7904,长春市,净月潭,细颗粒物(PM2.5),58,NA,24,39,18,37,37,NA,NA,15,19,6,6,0.4,0.5
2026-06-14T0600,1126A,125.38,43.8422,长春市,经开区环卫处,细颗粒物(PM2.5),54,NA,31,37,32,38,38,NA,NA,25,30,5,6,0.3,0.4
2026-06-14T0600,1127A,125.234,43.7761,长春市,高新区管委会,,45,NA,27,31,25,57,57,NA,NA,14,25,6,6,0.4,0.4
2026-06-14T0600,1128A,125.1695,43.83,长春市,岱山公园,,46,NA,31,32,25,57,57,NA,NA,21,28,3,4,0.3,0.3
2026-06-14T0600,4281A,125.334645,43.916281,长春市,北亚泰大街1068号,,46,NA,30,32,34,34,34,NA,NA,23,32,4,5,0.4,0.5
2026-06-14T0600,1335A,113.082,28.2421,长沙市,经开区环保局,,30,23,18,21,16,52,52,NA,NA,8,10,4,4,0.5,0.5
2026-06-14T0600,1336A,112.8873,28.2202,长沙市,高开区环保局,,33,33,22,20,16,38,38,NA,NA,15,7,4,3,0.6,0.6
2026-06-14T0600,1337A,113.0785,28.2012,长沙市,马坡岭,,30,23,21,21,17,52,52,NA,NA,10,12,6,6,0.7,0.7
2026-06-14T0600,1338A,112.9448,28.1894,长沙市,湖南师范大学,,29,29,19,19,14,47,47,NA,NA,10,8,8,7,0.2,0.1
2026-06-14T0600,1339A,113.0177,28.1322,长沙市,雨花区环保局,,25,21,19,17,16,57,57,NA,NA,5,8,5,4,0.7,0.7
2026-06-14T0600,1340A,112.9795,28.2593,长沙市,伍家岭,,29,28,21,20,15,44,44,NA,NA,11,10,4,3,0.4,0.4
2026-06-14T0600,1341A,113.002,28.1944,长沙市,火车新站,,26,20,20,18,16,54,54,NA,NA,8,10,7,7,0.2,0.3
2026-06-14T0600,1342A,112.9846,28.1177,长沙市,天心区环保局,NA,NA,22,19,22,17,61,61,NA,NA,8,8,NA,4,0.1,0.1
2026-06-14T0600,1343A,112.8906,28.1307,长沙市,湖南中医药大学,,29,29,19,16,14,41,41,NA,NA,12,12,6,6,0.4,0.4
2026-06-14T0600,1727A,113.1146,36.1547,长治市,清华站,,33,33,28,23,14,103,103,NA,NA,10,8,9,10,0.9,0.5
2026-06-14T0600,1730A,113.0887,36.2126,长治市,审计局,,39,34,30,27,16,110,110,NA,NA,6,7,10,11,0.6,0.4
2026-06-14T0600,1731A,113.0845,36.1856,长治市,长治八中,,42,42,37,26,14,113,113,NA,NA,12,14,11,12,0.8,0.5
2026-06-14T0600,2845A,113.1561,36.1912,长治市,德盛苑,,38,33,29,26,16,94,94,NA,NA,9,10,10,11,0.6,0.4
2026-06-14T0600,3568A,113.0603,36.0464,长治市,向阳小学,颗粒物(PM10),66,72,60,24,16,72,72,NA,NA,12,6,15,17,1.4,0.7
2026-06-14T0600,3569A,112.8788,36.315,长治市,屯留一中,,40,40,25,26,13,56,56,NA,NA,31,9,12,10,1.7,1.2
2026-06-14T0600,4189A,113.113092,36.199482,长治市,英华南巷50号,,40,40,35,28,16,106,106,NA,NA,7,7,9,10,1.0,0.8
2026-06-14T0600,4190A,113.23666,36.33435,长治市,学府街1号,NA,NA,33,36,24,14,NA,NA,NA,NA,19,12,4,9,0.7,0.7
2026-06-14T0600,1854A,111.696,28.9725,常德市,市二中,,23,23,15,6,10,13,13,NA,NA,8,7,9,8,0.6,0.6
2026-06-14T0600,3138A,111.7152,29.0288,常德市,武陵区永安,,16,16,17,8,15,12,12,NA,NA,9,12,6,7,0.9,0.8
2026-06-14T0600,3139A,111.6891,28.9881,常德市,鼎城区玉霞,,23,23,17,7,12,6,6,NA,NA,11,11,10,10,0.7,0.6
2026-06-14T0600,3140A,111.6651,29.0526,常德市,武陵区长庚,,14,14,19,7,13,15,15,NA,NA,8,10,8,9,0.7,0.7
2026-06-14T0600,1196A,119.9524,31.7586,常州市,市监测站,,22,19,26,12,16,69,69,NA,NA,20,19,5,6,0.3,0.3
2026-06-14T0600,1200A,119.9351,31.703,常州市,武进监测站,,23,16,29,9,15,73,73,NA,NA,3,9,3,3,0.2,0.3
2026-06-14T0600,3002A,119.9701,31.813,常州市,行政中心,,24,NA,22,16,15,74,74,NA,NA,9,12,5,6,0.4,0.4
2026-06-14T0600,3003A,120.0434,31.7726,常州市,经开区,,42,42,38,17,14,77,77,NA,NA,15,19,3,5,0.6,0.6
2026-06-14T0600,3010A,119.8919,31.7892,常州市,钟楼,,30,30,34,12,14,72,72,NA,NA,11,16,7,9,0.3,0.4
2026-06-14T0600,3429A,119.8595,31.706,常州市,武进经发区,,21,21,28,8,15,59,59,NA,NA,10,10,6,8,0.6,0.6
2026-06-14T0600,3430A,119.5812,31.7256,常州市,金坛城区,,25,22,19,17,13,70,70,NA,NA,9,9,6,7,0.6,0.6
2026-06-14T0600,4089A,119.9551,31.863,常州市,崇义南街5-H号,NA,NA,NA,24,15,15,71,71,NA,NA,9,13,NA,9,0.5,0.6
2026-06-14T0600,2220A,120.4318,41.588,朝阳市,西梁,,33,NA,32,23,20,75,75,NA,NA,7,14,8,9,0.6,0.7
2026-06-14T0600,2221A,120.452,41.565,朝阳市,河畔小区,,32,NA,27,22,22,89,89,NA,NA,5,12,7,8,0.2,0.3
2026-06-14T0600,2222A,120.4176,41.5648,朝阳市,八里堡,,38,NA,31,26,31,84,84,NA,NA,8,16,3,3,0.5,0.6
2026-06-14T0600,3026A,116.6179,23.6608,潮州市,市政府,,14,14,24,9,17,25,25,NA,NA,10,10,6,6,0.6,0.6
2026-06-14T0600,4036A,116.646,23.676,潮州市,金山,,13,13,22,7,17,14,14,NA,NA,10,9,2,3,0.4,0.4
2026-06-14T0600,2473A,113.0116,25.8228,郴州市,市职中,,13,6,14,3,8,39,39,NA,NA,2,5,6,6,0.8,0.8
2026-06-14T0600,2475A,113.0381,25.8074,郴州市,市审计局,,13,NA,11,3,6,40,40,NA,NA,11,10,3,3,/,/
2026-06-14T0600,2476A,113.0348,25.7757,郴州市,市环保局,,13,11,12,3,8,40,40,NA,NA,11,8,5,5,0.6,0.3
2026-06-14T0600,4252A,113.0138,25.8011,郴州市,好美居路49号,,15,6,12,3,7,45,45,NA,NA,5,7,4,5,/,/
2026-06-14T0600,1431A,103.9727,30.7242,成都市,金泉两河,细颗粒物(PM2.5),94,NA,39,57,33,60,60,NA,NA,22,16,3,4,0.4,0.4
2026-06-14T0600,1432A,104.1423,30.6765,成都市,十里店,细颗粒物(PM2.5),64,50,38,42,30,78,78,NA,NA,22,14,6,8,0.6,0.5
2026-06-14T0600,1433A,104.0594,30.5765,成都市,三瓦窑,,49,40,41,34,33,97,97,NA,NA,15,20,6,9,0.6,0.6
2026-06-14T0600,1434A,104.1122,30.6306,成都市,沙河铺,颗粒物(PM10),53,54,39,34,28,64,64,NA,NA,28,20,5,6,0.5,0.5
2026-06-14T0600,2880A,104.0219,30.6561,成都市,大石西路,细颗粒物(PM2.5),66,52,51,43,42,64,64,NA,NA,20,19,5,7,0.7,0.5
2026-06-14T0600,3136A,104.2724,30.559,成都市,龙泉驿区区政府,,40,NA,23,28,22,112,112,NA,NA,8,10,10,9,0.4,0.4
2026-06-14T0600,3357A,104.0028,30.6891,成都市,金博路,细颗粒物(PM2.5),90,69,38,55,36,40,40,NA,NA,47,22,6,8,0.8,0.7
2026-06-14T0600,3359A,104.056,30.5228,成都市,华阳,NA,NA,36,34,33,27,59,59,NA,NA,20,13,NA,5,0.6,0.5
2026-06-14T0600,3488A,104.387954,30.746684,成都市,青白江技师分院,,48,34,29,33,24,108,108,NA,NA,10,12,5,5,0.6,0.5
2026-06-14T0600,3489A,104.0788,30.4054,成都市,科学城,,42,42,29,28,21,56,56,NA,NA,15,9,6,8,0.5,0.4
2026-06-14T0600,4011A,103.8505,30.6946,成都市,光华大道三段,细颗粒物(PM2.5),102,79,42,62,37,47,47,NA,NA,26,17,4,5,0.6,0.5
2026-06-14T0600,4144A,104.3257,30.6406,成都市,八角井街185号,,46,46,35,25,21,114,114,NA,NA,9,11,6,5,0.6,0.5
2026-06-14T0600,4224A,104.2433276,30.53529463,成都市,鲸龙路1057号,,46,40,30,32,23,67,67,NA,NA,30,17,8,9,0.7,0.6
2026-06-14T0600,1062A,117.9531,40.908,承德市,铁路,,22,22,33,10,19,42,42,NA,NA,17,14,2,3,0.3,0.4
2026-06-14T0600,1063A,117.9397,40.9763,承德市,中国银行,,19,19,34,6,16,44,44,NA,NA,6,9,2,2,0.2,0.4
2026-06-14T0600,4073A,117.9462,40.95,承德市,杏林街1号,NA,NA,19,30,10,23,50,50,NA,NA,6,8,NA,3,0.2,0.3
2026-06-14T0600,4274A,117.7994,40.9605,承德市,滨河大街98号,,27,27,22,3,18,39,39,NA,NA,5,7,2,2,0.2,0.3
2026-06-14T0600,2314A,117.4698,30.6617,池州市,池州学院,,27,27,20,16,12,24,24,NA,NA,16,14,4,4,1.2,0.7
2026-06-14T0600,3237A,117.4918,30.6617,池州市,展览馆,,27,27,20,12,11,6,6,NA,NA,16,13,3,2,0.9,0.6
2026-06-14T0600,3333A,117.5626,30.695,池州市,第八中学,,20,20,19,12,12,18,18,NA,NA,11,10,4,3,0.5,0.5
2026-06-14T0600,3334A,117.5037,30.6242,池州市,第十二中学,NA,NA,28,20,15,11,NA,NA,NA,NA,16,15,4,4,1.2,0.8
2026-06-14T0600,1744A,118.9229,42.2816,赤峰市,松山一中,细颗粒物(PM2.5),82,NA,35,51,31,103,103,NA,NA,21,14,10,10,0.9,0.8
2026-06-14T0600,1745A,118.9588,42.2733,赤峰市,哈达街,NA,NA,43,39,40,29,103,103,NA,NA,16,14,NA,13,0.7,0.6
2026-06-14T0600,1746A,118.8792,42.2551,赤峰市,天义路,,29,16,25,12,19,90,90,NA,NA,11,13,8,6,0.2,0.4
2026-06-14T0600,3058A,119.2656,42.0356,赤峰市,银河街,NA,NA,53,38,44,29,95,95,NA,NA,15,11,NA,9,0.9,0.7
2026-06-14T0600,3286A,118.9359,42.3146,赤峰市,桥北物流园区,颗粒物(PM10),54,55,34,30,22,100,100,NA,NA,11,14,5,5,0.8,0.8
2026-06-14T0600,2521A,107.3473,22.4137,崇左市,市环保局江州分局,,49,49,31,24,15,52,52,NA,NA,12,8,5,5,0.6,0.5
2026-06-14T0600,4256A,107.375,22.3736,崇左市,石景林东路7号,,33,33,26,22,14,36,36,NA,NA,22,10,5,4,0.7,0.7
2026-06-14T0600,3207A,118.31131,32.3033,滁州市,市政府原办公楼,,50,NA,22,35,25,67,67,NA,NA,14,9,6,6,0.4,0.4
2026-06-14T0600,3331A,118.3268,32.2633,滁州市,图书馆,,36,27,30,25,18,72,72,NA,NA,10,8,10,10,0.4,0.4
2026-06-14T0600,4101A,118.3196,32.3335,滁州市,银山路666号,,48,NA,26,33,19,47,47,NA,NA,23,13,5,6,0.3,0.3
2026-06-14T0600,4102A,118.3426,32.2979,滁州市,黄山路555号,,42,32,34,29,19,58,58,NA,NA,17,12,9,9,0.3,0.3
2026-06-14T0600,2606A,101.5379,25.0492,楚雄彝族自治州,市经济开发区,NA,NA,NA,11,NA,6,NA,NA,47,NA,NA,8,NA,2,NA,0.3
2026-06-14T0600,4153A,101.5536,25.0343,楚雄彝族自治州,团结路562号,,10,6,9,3,6,30,30,NA,NA,3,4,2,3,0.3,0.4
2026-06-14T0600,2549A,107.5087,31.2186,达州市,市环境监测站,,34,34,36,15,15,12,12,NA,NA,20,19,5,6,0.4,0.4
2026-06-14T0600,2550A,107.4988,31.2132,达州市,凤凰小区,,34,34,38,15,16,12,12,NA,NA,22,19,5,5,0.4,0.4
2026-06-14T0600,2551A,107.5081,31.1987,达州市,达县机关宾馆,,39,39,38,20,18,4,4,NA,NA,33,29,4,4,0.5,0.3
2026-06-14T0600,2552A,107.4644,31.2124,达州市,市政中心,,38,38,38,20,16,14,14,NA,NA,23,23,3,4,0.4,0.4
2026-06-14T0600,2614A,100.2168,25.5818,大理白族自治州,大理市环境监测站,,17,8,10,3,6,53,53,NA,NA,4,5,6,5,0.4,0.4
2026-06-14T0600,2615A,100.1542,25.7055,大理白族自治州,大理古城,,11,11,13,3,6,19,19,NA,NA,7,11,11,11,0.5,0.6
2026-06-14T0600,1109A,121.6119,38.974,大连市,甘井子,,50,46,38,35,22,102,102,NA,NA,12,10,12,9,0.5,0.5
2026-06-14T0600,1110A,121.565,38.9509,大连市,周水子,细颗粒物(PM2.5),60,48,42,40,29,92,92,NA,NA,16,13,9,5,0.5,0.5
2026-06-14T0600,1111A,121.5637,38.8849,大连市,星海三站,,49,49,50,32,24,123,123,NA,NA,4,6,5,5,0.6,0.6
2026-06-14T0600,1112A,121.6301,38.9117,大连市,青泥洼桥,颗粒物(PM10),58,61,46,31,24,102,102,NA,NA,8,8,7,6,0.7,0.6
2026-06-14T0600,1113A,121.6248,38.8643,大连市,傅家庄,,37,28,29,24,21,116,116,NA,NA,2,4,8,8,0.4,0.4
2026-06-14T0600,1114A,121.5117,38.8636,大连市,七贤岭,,41,41,56,20,22,123,123,NA,NA,9,11,6,6,0.7,0.7
2026-06-14T0600,1116A,121.7507,39.1339,大连市,金州,细颗粒物(PM2.5),56,44,34,38,23,109,109,NA,NA,4,6,5,5,0.7,0.6
2026-06-14T0600,1117A,121.7811,39.0495,大连市,开发区,细颗粒物(PM2.5),54,39,36,37,25,109,109,NA,NA,8,12,8,7,0.5,0.5
2026-06-14T0600,1118A,121.9762,39.0631,大连市,双D港,,48,41,30,33,22,96,96,NA,NA,6,10,6,6,0.7,0.6
2026-06-14T0600,4082A,121.2548,38.8188,大连市,旅顺,细颗粒物(PM2.5),52,49,40,36,25,122,122,NA,NA,4,5,6,5,0.5,0.4
2026-06-14T0600,1789A,124.8085,46.0381,大庆市,大同区,,19,19,24,3,8,34,34,NA,NA,23,16,4,4,0.2,0.2
2026-06-14T0600,1790A,125.1166,46.5255,大庆市,龙凤区,,36,36,37,9,8,31,31,NA,NA,19,11,3,2,0.2,0.1
2026-06-14T0600,1791A,124.8894,46.4007,大庆市,红岗区,,32,32,33,9,8,34,34,NA,NA,17,10,5,5,0.3,0.2
2026-06-14T0600,1792A,125.1391,46.578,大庆市,萨尔图区,,13,8,17,3,5,40,40,NA,NA,12,8,5,4,0.3,0.3
2026-06-14T0600,1793A,124.9026,46.6217,大庆市,让胡路区,,23,23,27,10,9,35,35,NA,NA,16,8,5,3,0.4,0.4
2026-06-14T0600,3481A,125.127,46.6277,大庆市,萨区政府监测点,,16,16,17,6,6,40,40,NA,NA,8,4,9,8,0.2,0.2
2026-06-14T0600,1723A,113.2926,40.0759,大同市,云冈宾馆,,23,23,32,3,12,49,49,NA,NA,19,18,8,9,0.5,0.4
2026-06-14T0600,1724A,113.3437,40.0921,大同市,大同大学,,19,19,32,10,12,55,55,NA,NA,15,16,17,9,0.6,0.4
2026-06-14T0600,1725A,113.2637,40.129,大同市,安家小村,,45,45,35,9,12,39,39,NA,NA,22,18,9,10,0.6,0.4
2026-06-14T0600,3282A,113.3399,40.0586,大同市,大同市卫生学校,,21,20,37,14,18,66,66,NA,NA,13,19,12,9,0.5,0.5
2026-06-14T0600,3565A,113.1371,40.1122,大同市,云冈站,,36,36,46,12,10,19,19,NA,NA,32,20,10,8,0.7,0.5
2026-06-14T0600,3566A,113.1186,40.2556,大同市,图书馆,,26,26,25,14,9,21,21,NA,NA,17,11,7,7,1.0,0.5
2026-06-14T0600,3567A,113.5931,40.0459,大同市,区一中,,19,19,22,10,9,51,51,NA,NA,12,10,7,8,0.4,0.4
2026-06-14T0600,4199A,113.2798248,40.09972476,大同市,魏都大道141号,,35,35,37,11,15,50,50,NA,NA,21,21,8,8,0.6,0.5
2026-06-14T0600,2269A,124.1068,50.4091,大兴安岭地区,科技局,NA,NA,14,19,3,7,25,25,NA,NA,2,3,NA,6,0.3,0.3
2026-06-14T0600,3663A,124.117,50.4279,大兴安岭地区,红旗社区,,19,NA,9,13,7,25,25,NA,NA,6,10,6,6,0.4,0.3
2026-06-14T0600,1600A,124.33,40.0625,丹东市,江湾东路,NA,NA,31,25,20,18,46,46,NA,NA,18,15,NA,5,0.4,0.4
2026-06-14T0600,1601A,124.4242,40.1513,丹东市,临江后街,,37,37,33,25,17,30,30,NA,NA,18,13,5,5,0.4,0.5
2026-06-14T0600,1602A,124.3935,40.1461,丹东市,元宝山,,36,33,29,25,16,27,27,NA,NA,19,12,5,6,0.5,0.5
2026-06-14T0600,1603A,124.3634,40.1093,丹东市,民主桥,NA,NA,33,34,24,19,30,30,NA,NA,23,14,NA,7,0.5,0.5
2026-06-14T0600,3541A,109.5726195,19.51688767,儋州市,第一中学子站,,18,18,15,6,6,50,50,NA,NA,4,4,4,4,0.3,0.3
2026-06-14T0600,3542A,109.5567,19.5187,儋州市,东坡学校子站,,19,13,17,6,6,58,58,NA,NA,2,3,3,3,0.4,0.4
2026-06-14T0600,2616A,98.5611,24.4273,德宏傣族景颇族自治州,德宏州监测站,,12,9,5,8,9,30,30,NA,NA,4,6,5,5,0.4,0.5
2026-06-14T0600,3677A,98.5887,24.4366,德宏傣族景颇族自治州,芒市人民政府综合楼,,24,24,25,7,8,22,22,NA,NA,6,7,6,7,0.5,0.5
2026-06-14T0600,1901A,104.424,31.1209,德阳市,东山公园,细颗粒物(PM2.5),54,40,37,37,36,66,66,NA,NA,13,14,4,4,0.6,0.5
2026-06-14T0600,1902A,104.3827,31.1318,德阳市,西小区,细颗粒物(PM2.5),58,49,51,39,39,69,69,NA,NA,17,17,8,7,0.9,0.8
2026-06-14T0600,1904A,104.3553,31.1091,德阳市,耐火材料厂,细颗粒物(PM2.5),90,NA,54,55,40,53,53,NA,NA,24,17,4,3,0.6,0.5
2026-06-14T0600,4145A,104.4144,31.1495,德阳市,市林业局,细颗粒物(PM2.5),60,44,43,40,35,72,72,NA,NA,20,16,9,9,0.8,0.8
2026-06-14T0600,1622A,116.3034,37.4675,德州市,儿童乐园,,43,NA,55,30,26,86,86,NA,NA,14,15,8,9,0.7,0.7
2026-06-14T0600,1624A,116.2992,37.4449,德州市,监理站,,40,29,56,28,23,105,105,NA,NA,6,13,12,13,0.4,0.4
2026-06-14T0600,3066A,116.2722,37.438,德州市,九衢泉纯净水厂,,43,34,51,30,22,20,20,NA,NA,67,23,13,11,0.7,0.7
2026-06-14T0600,3371A,116.3693,37.44,德州市,开发区人民医院,,42,NA,54,29,24,83,83,NA,NA,8,12,8,9,0.4,0.5
2026-06-14T0600,3511A,116.5687,37.3331,德州市,陵城艺术中心,细颗粒物(PM2.5),56,NA,58,38,22,91,91,NA,NA,12,14,5,7,0.3,0.3
2026-06-14T0600,4292A,116.352738,37.420875,德州市,新河东路,,32,24,47,22,20,71,71,NA,NA,21,18,9,10,0.7,0.7
2026-06-14T0600,2621A,99.7054,27.8319,迪庆藏族自治州,迪庆州站,,14,11,13,8,7,42,42,NA,NA,7,8,7,7,0.4,0.4
2026-06-14T0600,3180A,99.7122,27.8129,迪庆藏族自治州,质量技术监督局,,18,15,13,3,6,55,55,NA,NA,5,9,9,9,0.3,0.3
2026-06-14T0600,4257A,104.6092,35.5962,定西市,将台街,,38,38,38,13,14,66,66,NA,NA,23,15,4,4,0.2,0.2
2026-06-14T0600,4309A,104.6159,35.5701,定西市,正龙路62号,,41,41,44,18,13,79,79,NA,NA,10,9,4,4,0.2,0.2
2026-06-14T0600,4071A,114.9883,38.5232,定州市,交通局,,30,30,47,13,19,87,87,NA,NA,9,12,3,3,0.3,0.5
2026-06-14T0600,4072A,115.0045,38.5136,定州市,第五中学,,40,40,46,12,20,76,76,NA,NA,10,11,4,4,0.3,0.4
2026-06-14T0600,1390A,113.7943,23.0132,东莞市,东城石井,,29,17,13,6,6,92,92,NA,NA,16,16,2,2,0.4,0.4
2026-06-14T0600,1391A,113.7384,22.9659,东莞市,南城西平,NA,NA,15,12,3,3,NA,NA,NA,NA,11,12,1,2,0.6,0.6
2026-06-14T0600,3319A,113.7283,23.041,东莞市,万江金泰,,18,18,13,7,7,29,29,NA,NA,17,17,5,5,0.6,0.6
2026-06-14T0600,4129A,113.8666,23.1062,东莞市,裕兴路,,21,21,22,3,10,40,40,NA,NA,14,22,7,8,0.5,0.6
2026-06-14T0600,4130A,114.0076,22.9739,东莞市,教育路1号,,15,8,16,6,10,46,46,NA,NA,7,18,5,5,0.5,0.6
2026-06-14T0600,4131A,113.7981,22.8124,东莞市,长怡路1号,,22,22,17,3,4,47,47,NA,NA,3,13,4,4,0.5,0.5
2026-06-14T0600,1666A,118.6612,37.4313,东营市,市环保局,,40,14,49,10,20,125,125,NA,NA,15,14,3,5,0.3,0.5
2026-06-14T0600,3036A,118.6903,37.4337,东营市,开发区管委会,,41,23,54,9,21,130,130,NA,NA,13,17,7,10,0.3,0.5
2026-06-14T0600,3365A,118.5721,37.5654,东营市,垦利区民丰路,,33,14,54,12,24,104,104,NA,NA,12,13,7,8,0.4,0.6
2026-06-14T0600,3498A,118.5063,37.8606,东营市,河口城区,,43,9,48,6,19,136,136,NA,NA,4,9,3,9,0.4,0.6
2026-06-14T0600,3646A,118.4979,37.4623,东营市,胜利站,,37,13,48,7,30,118,118,NA,NA,4,13,6,8,0.5,0.7
2026-06-14T0600,3734A,118.5753,37.4405,东营市,理想之城,,34,19,49,7,22,107,107,NA,NA,10,15,6,10,0.3,0.5
2026-06-14T0600,1591A,110.0024,39.8127,鄂尔多斯市,综合楼,,29,29,35,8,12,53,53,NA,NA,35,16,9,9,0.6,0.6
2026-06-14T0600,1592A,109.9485,39.8259,鄂尔多斯市,巴音孟克林场办事处,,22,22,33,10,10,64,64,NA,NA,23,14,6,5,0.5,0.5
2026-06-14T0600,1593A,109.7734,39.5987,鄂尔多斯市,康泽苑,NA,NA,36,39,18,9,28,28,NA,NA,13,8,NA,6,0.2,0.2
2026-06-14T0600,1594A,109.8121,39.5987,鄂尔多斯市,华泰汽车城,,34,34,28,3,8,7,7,NA,NA,31,17,12,11,0.5,0.5
2026-06-14T0600,1595A,109.9734,39.7884,鄂尔多斯市,奥林花园,,19,19,36,10,10,32,32,NA,NA,35,17,4,4,0.4,0.3
2026-06-14T0600,2436A,114.894,30.3989,鄂州市,市政府,,35,35,27,18,13,59,59,NA,NA,10,13,4,4,0.6,0.5
2026-06-14T0600,2437A,114.8986,30.3714,鄂州市,赵家坝,,34,34,24,17,12,25,25,NA,NA,13,12,8,5,0.7,0.7
2026-06-14T0600,3654A,114.8093,30.4091,鄂州市,精准医疗中心,,35,30,25,24,17,42,42,NA,NA,15,19,3,5,0.8,0.9
2026-06-14T0600,2454A,109.4978,30.2979,恩施土家族苗族自治州,湖北民院,,25,20,22,17,12,16,16,NA,NA,4,3,4,4,0.4,0.4
2026-06-14T0600,3549A,109.5061,30.3771,恩施土家族苗族自治州,龙凤新区,,15,13,16,10,11,11,11,NA,NA,4,5,6,6,0.4,0.4
2026-06-14T0600,2499A,108.3411,21.6159,防城港市,沙万,,22,20,23,10,7,68,68,NA,NA,2,6,3,3,0.6,0.6
2026-06-14T0600,2500A,108.3515,21.7733,防城港市,防城档案局,,20,20,21,10,9,52,52,NA,NA,5,5,4,5,0.5,0.5
2026-06-14T0600,2501A,108.3506,21.6414,防城港市,大海花园,,22,15,23,9,7,69,69,NA,NA,4,5,5,5,0.7,0.5
2026-06-14T0600,1371A,113.1293,23.0065,佛山市,湾梁,NA,NA,NA,20,NA,10,NA,NA,72,NA,NA,16,NA,NA,NA,NA
2026-06-14T0600,1372A,113.1082,23.0477,佛山市,华材职中,NA,NA,12,17,9,10,NA,NA,NA,NA,5,9,6,6,0.2,0.3
2026-06-14T0600,1373A,113.1439,23.045,佛山市,南海气象局,,15,15,21,8,10,46,46,NA,NA,9,19,/,/,/,/
2026-06-14T0600,1374A,113.2879,22.8094,佛山市,顺德苏岗,,19,NA,9,13,10,21,21,NA,NA,14,9,/,/,0.6,0.6
2026-06-14T0600,1376A,112.8384,22.8678,佛山市,高明孔堂,,25,25,15,11,6,53,53,NA,NA,4,5,/,/,/,/
2026-06-14T0600,1377A,112.8835,23.1584,佛山市,三水监测站,NA,NA,29,21,19,15,14,14,NA,NA,NA,17,5,4,0.4,0.4
2026-06-14T0600,1378A,112.8668,23.185,佛山市,三水云东海,,36,36,25,11,7,12,12,NA,NA,13,14,/,/,/,/
2026-06-14T0600,3625A,113.2568,22.7629,佛山市,容桂街道办,,22,NA,14,15,12,20,20,NA,NA,25,18,/,/,/,/
2026-06-14T0600,1282A,119.2681,26.0506,福州市,师大,NA,NA,23,23,22,14,33,33,NA,NA,13,12,NA,4,0.4,0.3
2026-06-14T0600,1283A,119.2983,26.1028,福州市,五四北路,,38,26,21,26,15,39,39,NA,NA,15,17,4,4,0.3,0.3
2026-06-14T0600,1284A,119.2648,26.0769,福州市,杨桥西路,NA,NA,NA,20,26,14,34,34,NA,NA,17,14,NA,3,/,/
2026-06-14T0600,3048A,119.5799,26.0937,福州市,九龙,,24,24,14,9,6,44,44,NA,NA,5,6,6,6,0.2,0.2
2026-06-14T0600,3526A,119.5188,25.9666,福州市,吴航,NA,NA,13,17,9,11,66,66,NA,NA,9,9,NA,6,0.5,0.5
2026-06-14T0600,4104A,119.3106,26.0648,福州市,路通桥巷6号,,36,32,27,25,16,35,35,NA,NA,11,11,/,/,/,/
2026-06-14T0600,1755A,123.7974,41.8494,抚顺市,望花区,细颗粒物(PM2.5),52,NA,44,36,13,35,35,NA,NA,41,21,8,14,0.4,0.5
2026-06-14T0600,1756A,123.9161,41.8827,抚顺市,顺城区,细颗粒物(PM2.5),52,36,34,36,23,31,31,NA,NA,47,23,11,11,0.6,0.7
2026-06-14T0600,1757A,124.0437,41.8615,抚顺市,东洲区,NA,NA,28,34,25,20,65,65,NA,NA,18,13,NA,11,0.4,0.5
2026-06-14T0600,1758A,123.9246,41.8638,抚顺市,新抚区,NA,NA,35,38,32,24,22,22,NA,NA,45,19,NA,8,0.7,0.7
2026-06-14T0600,1759A,124.0972,41.8961,抚顺市,大伙房水库,NA,NA,NA,28,40,21,45,45,NA,NA,29,15,NA,10,0.6,0.6
2026-06-14T0600,1760A,123.708,41.8386,抚顺市,沈抚新城,,49,40,38,34,24,26,26,NA,NA,53,32,11,10,1.0,0.8
2026-06-14T0600,2377A,116.3544,27.9833,抚州市,市站,,12,12,23,3,10,30,30,NA,NA,3,5,8,3,1.1,1
2026-06-14T0600,2378A,116.3562,27.9631,抚州市,血防站,,21,21,24,3,9,32,32,NA,NA,6,9,12,6,0.7,0.6
2026-06-14T0600,2379A,116.3561,28.0007,抚州市,采茶剧团,,13,13,23,3,10,38,38,NA,NA,4,10,10,9,0.7,0.7
2026-06-14T0600,2380A,116.3854,27.9648,抚州市,医学分院,NA,NA,NA,26,4,12,31,31,NA,NA,3,6,4,6,0.9,0.8
2026-06-14T0600,2207A,121.6095,41.9978,阜新市,工业园区,,45,NA,36,31,31,59,59,NA,NA,21,24,14,10,0.4,0.5
2026-06-14T0600,2208A,121.6567,42.0188,阜新市,长青街,,40,NA,33,28,33,60,60,NA,NA,9,19,7,10,0.5,0.6
2026-06-14T0600,2209A,121.6672,42.07,阜新市,农业园区,,35,30,36,24,28,74,74,NA,NA,12,18,6,8,0.6,0.8
2026-06-14T0600,2211A,121.6343,42.0455,阜新市,玉龙新城,,35,NA,37,24,28,41,41,NA,NA,21,21,6,8,0.6,0.7
2026-06-14T0600,2301A,115.8276,32.8929,阜阳市,市监测站,细颗粒物(PM2.5),52,NA,29,36,15,47,47,NA,NA,31,15,5,6,0.4,0.4
2026-06-14T0600,2303A,115.8551,32.8606,阜阳市,开发区,细颗粒物(PM2.5),102,NA,22,62,16,45,45,NA,NA,30,11,5,4,0.5,0.4
2026-06-14T0600,2875A,115.783962,32.889217,阜阳市,阜阳职业技术学院,,45,36,26,31,14,84,84,NA,NA,8,6,7,7,0.4,0.3
2026-06-14T0600,3468A,115.79,32.8614,阜阳市,市规划展馆,细颗粒物(PM2.5),56,NA,28,38,15,69,69,NA,NA,14,11,8,7,0.5,0.4
2026-06-14T0600,3469A,115.835101,32.918568,阜阳市,枣园社区,细颗粒物(PM2.5),58,NA,27,39,16,55,55,NA,NA,22,11,7,7,0.5,0.4
2026-06-14T0600,2669A,102.9097,34.9841,甘南藏族自治州,州政府,,40,40,38,11,14,40,40,NA,NA,14,13,5,4,0.2,0.2
2026-06-14T0600,3380A,102.8915,34.9618,甘南藏族自治州,甘肃民族师范学院,,39,39,41,18,15,44,44,NA,NA,26,23,3,3,0.3,0.3
2026-06-14T0600,2570A,101.96,30.048,甘孜藏族自治州,水桥子,,10,9,10,3,5,32,32,NA,NA,11,17,7,7,0.1,0.2
2026-06-14T0600,3065A,101.9534,29.9976,甘孜藏族自治州,州环保局,,14,8,11,3,6,19,19,NA,NA,28,16,5,5,0.1,0.2
2026-06-14T0600,2363A,114.9368,25.8663,赣州市,地委,,11,10,24,6,11,35,35,NA,NA,6,6,2,2,0.7,0.7
2026-06-14T0600,2364A,114.946,25.8483,赣州市,气象台,,12,12,25,3,15,27,27,NA,NA,10,10,7,3,0.2,0.2
2026-06-14T0600,2365A,114.932,25.8332,赣州市,市图书馆,,13,6,19,3,11,41,41,NA,NA,4,7,3,4,0.8,0.7
2026-06-14T0600,2366A,114.8905,25.8472,赣州市,华坚鞋城,,16,16,28,6,11,34,34,NA,NA,9,8,2,1,0.2,0.2
2026-06-14T0600,3109A,115.0094,25.8614,赣州市,赣县区卫计委,,10,6,19,3,12,31,31,NA,NA,7,9,2,2,0.2,0.4
2026-06-14T0600,2684A,106.2753,36.0057,固原市,监测站,,32,23,29,8,10,100,100,NA,NA,18,12,7,8,0.3,0.3
2026-06-14T0600,2685A,106.2384,36.0189,固原市,新区,,35,22,28,7,9,109,109,NA,NA,12,10,6,6,0.4,0.3
2026-06-14T0600,2544A,106.6307,30.4577,广安市,市委,细颗粒物(PM2.5),58,NA,35,39,29,69,69,NA,NA,10,12,6,6,0.4,0.4
2026-06-14T0600,2545A,106.6266,30.4662,广安市,友谊中学,,49,47,38,34,25,83,83,NA,NA,8,12,8,8,0.6,0.5
2026-06-14T0600,2547A,106.6386,30.4551,广安市,广电花园,细颗粒物(PM2.5),58,NA,33,39,31,56,56,NA,NA,13,12,8,8,0.5,0.5
2026-06-14T0600,2902A,106.6347,30.4868,广安市,北辰小学,细颗粒物(PM2.5),52,37,38,36,29,70,70,NA,NA,10,12,5,8,0.5,0.5
2026-06-14T0600,2524A,105.8211,32.4444,广元市,老城,细颗粒物(PM2.5),60,59,35,40,23,59,59,NA,NA,13,8,10,6,0.8,0.7
2026-06-14T0600,2526A,105.8629,32.429,广元市,监测站,NA,NA,49,40,38,26,NA,NA,NA,NA,21,12,14,8,0.8,0.6
2026-06-14T0600,3617A,105.8047,32.4167,广元市,经开区,,49,45,35,34,24,58,58,NA,NA,17,9,7,6,0.7,0.6
2026-06-14T0600,1345A,113.2346,23.1423,广州市,广雅中学,,19,19,19,9,11,29,29,NA,NA,12,18,3,3,0.6,0.6
2026-06-14T0600,1346A,113.2611,23.105,广州市,市五中,,19,19,20,10,12,28,28,NA,NA,17,21,4,4,/,/
2026-06-14T0600,1348A,113.3477,23.0916,广州市,广东商学院,,28,28,19,14,10,10,10,NA,NA,30,22,9,5,0.6,0.6
2026-06-14T0600,1349A,113.4332,23.105,广州市,市八十六中,,18,18,14,8,8,22,22,NA,NA,28,26,6,6,/,/
2026-06-14T0600,1350A,113.3506,22.9488,广州市,番禺中学,,14,14,11,6,6,25,25,NA,NA,13,17,6,5,0.5,0.6
2026-06-14T0600,1351A,113.2147,23.3918,广州市,花都师范,,18,18,23,8,12,27,27,NA,NA,9,17,3,4,0.3,0.3
2026-06-14T0600,1352A,113.2599,23.1329,广州市,市监测站,NA,NA,20,21,9,10,NA,NA,NA,NA,20,19,3,3,/,/
2026-06-14T0600,1353A,113.5618,23.3119,广州市,九龙镇镇龙,,20,20,21,10,11,17,17,NA,NA,16,25,7,6,0.4,0.5
2026-06-14T0600,1354A,113.2764,23.1544,广州市,麓湖,,18,18,18,10,10,25,25,NA,NA,13,18,6,6,0.6,0.6
2026-06-14T0600,2846A,113.3209,23.1323,广州市,体育西,,22,22,20,9,10,30,30,NA,NA,19,27,6,4,0.5,0.6
2026-06-14T0600,3298A,113.5718,23.5493,广州市,从化街口,,11,11,24,7,18,19,19,NA,NA,19,19,6,6,0.4,0.5
2026-06-14T0600,3299A,113.3463,23.369,广州市,白云竹料,,24,24,20,10,11,25,25,NA,NA,15,23,2,2,0.5,0.6
2026-06-14T0600,3300A,113.2981,23.2365,广州市,白云嘉禾,,18,18,20,9,11,24,24,NA,NA,19,23,10,10,/,/
2026-06-14T0600,3301A,113.4256,23.1716,广州市,黄埔科学城,,20,20,16,8,9,6,6,NA,NA,22,23,8,8,0.4,0.4
2026-06-14T0600,3302A,113.3942,23.0485,广州市,番禺大学城,NA,NA,10,11,6,6,NA,NA,NA,NA,18,20,6,6,0.2,0.3
2026-06-14T0600,3303A,113.4923,22.8169,广州市,南沙黄阁,NA,NA,19,26,12,8,21,21,NA,NA,28,16,NA,7,/,/
2026-06-14T0600,3304A,113.534,22.7893,广州市,南沙街,NA,NA,19,17,7,6,NA,NA,NA,NA,15,14,8,7,0.4,0.4
2026-06-14T0600,3443A,113.2905,23.5541,广州市,花都梯面,,23,23,21,9,11,20,20,NA,NA,16,21,9,8,/,/
2026-06-14T0600,3445A,113.786,23.7479,广州市,从化良口,,15,14,14,9,10,46,46,NA,NA,10,12,4,4,/,/
2026-06-14T0600,3446A,113.805,23.2614,广州市,增城荔城,,16,16,20,3,12,11,11,NA,NA,16,21,6,7,0.6,0.7
2026-06-14T0600,2506A,109.604387,23.066791,贵港市,江南子站,NA,NA,6,17,3,11,64,64,NA,NA,NA,6,5,4,0.5,0.6
2026-06-14T0600,2508A,109.5669,23.1065,贵港市,荷城子站,,18,NA,15,3,10,55,55,NA,NA,7,9,5,5,0.5,0.6
2026-06-14T0600,3405A,109.5886,23.1172,贵港市,新世纪学校,,18,NA,16,3,10,55,55,NA,NA,7,10,/,/,0.4,0.5
2026-06-14T0600,4260A,109.5933,23.095,贵港市,中山路155-3号,,20,6,25,3,11,61,61,NA,NA,6,10,/,/,0.4,0.5
2026-06-14T0600,1439A,106.6863,26.6035,贵阳市,马鞍山,,28,24,16,19,10,4,4,NA,NA,12,12,8,7,/,/
2026-06-14T0600,1441A,106.6241,26.6266,贵阳市,鉴湖路,,44,44,35,23,14,5,5,NA,NA,23,17,8,7,0.2,0.5
2026-06-14T0600,1442A,106.7468,26.6344,贵阳市,燕子冲,,41,41,33,18,15,6,6,NA,NA,20,15,8,8,0.8,0.7
2026-06-14T0600,1443A,106.6556,26.4362,贵阳市,碧云窝,,39,39,32,18,14,4,4,NA,NA,12,9,4,4,/,/
2026-06-14T0600,1445A,106.6963,26.6063,贵阳市,红边门,,39,39,27,23,15,0,0,NA,NA,22,18,4,5,/,/
2026-06-14T0600,1446A,106.7162383,26.56964667,贵阳市,新华路,,44,44,36,20,13,11,11,NA,NA,24,21,2,9,0.5,0.4
2026-06-14T0600,1447A,106.6742,26.542,贵阳市,太慈桥,,29,29,20,18,11,2,2,NA,NA,13,12,2,2,/,/
2026-06-14T0600,4230A,106.688212,26.56952,贵阳市,花果园大街66号,,43,43,29,19,15,5,5,NA,NA,30,23,2,2,/,/
2026-06-14T0600,4231A,106.687268,26.516892,贵阳市,漓江路57号,,31,31,23,19,13,0,0,NA,NA,24,20,2,2,0.7,0.6
2026-06-14T0600,1864A,110.3091,25.2705,桂林市,龙隐路小学,,24,24,25,3,13,11,11,NA,NA,14,9,15,5,0.5,0.5
2026-06-14T0600,1865A,110.2849361,25.22909545,桂林市,八中,,27,27,22,9,8,12,12,NA,NA,17,12,21,6,1.5,0.9
2026-06-14T0600,3531A,110.296,25.1254,桂林市,旅游学院,,37,37,26,3,12,17,17,NA,NA,9,7,8,8,0.4,0.4
2026-06-14T0600,4222A,110.1835,25.2444,桂林市,环湖路276号,,17,9,13,3,14,25,25,NA,NA,8,9,50,14,0.4,0.4
2026-06-14T0600,4301A,110.2803,25.2773,桂林市,信义路13号,,36,36,26,11,14,12,12,NA,NA,13,10,23,10,0.6,0.6
2026-06-14T0600,2674A,100.2262,34.4854,果洛藏族自治州,玛沁县大武镇,,29,17,22,3,9,92,92,NA,NA,2,2,13,13,0.3,0.4
2026-06-14T0600,1130A,126.5557,45.8109,哈尔滨市,松北商大,,19,15,14,3,11,2,2,NA,NA,38,21,5,5,0.3,0.3
2026-06-14T0600,1132A,126.6162,45.719,哈尔滨市,南岗学府路,,25,19,24,3,6,8,8,NA,NA,49,20,5,5,0.5,0.3
2026-06-14T0600,1133A,126.6894,45.7733,哈尔滨市,太平宏伟公园,,19,18,25,3,7,4,4,NA,NA,38,24,5,5,0.2,0.2
2026-06-14T0600,1134A,126.6361,45.7672,哈尔滨市,道外承德广场,,27,27,33,3,8,9,9,NA,NA,43,22,4,4,0.2,0.4
2026-06-14T0600,1136A,126.644,45.7261,哈尔滨市,动力和平路,,25,20,21,3,5,6,6,NA,NA,49,18,3,3,0.3,0.2
2026-06-14T0600,1137A,126.5933,45.7479,哈尔滨市,道里建国路,,22,16,21,3,10,13,13,NA,NA,44,20,4,4,0.3,0.3
2026-06-14T0600,1138A,126.6127,45.6119,哈尔滨市,平房东轻厂,,20,16,24,3,10,17,17,NA,NA,39,29,7,5,0.6,0.5
2026-06-14T0600,1139A,126.5875,45.9827,哈尔滨市,呼兰师专,,15,12,19,3,5,17,17,NA,NA,30,23,6,6,0.2,0.2
2026-06-14T0600,1140A,126.6299,45.6799,哈尔滨市,省农科院,,27,25,24,3,7,5,5,NA,NA,53,22,7,5,0.2,0.1
2026-06-14T0600,4282A,126.6769,45.7379,哈尔滨市,华山路1号,,20,6,18,3,4,18,18,NA,NA,39,15,4,5,0.2,0.2
2026-06-14T0600,4283A,126.9717,45.5356,哈尔滨市,解放大街52号,,15,15,26,3,4,44,44,NA,NA,22,25,6,6,0.2,0.2
2026-06-14T0600,2688A,93.5124,42.8176,哈密市,地区监测站,,30,21,25,12,11,96,96,NA,NA,4,5,2,5,0.1,0.1
2026-06-14T0600,2689A,93.5014,42.8312,哈密市,哈密师范学校,,25,25,31,17,12,79,79,NA,NA,10,8,6,6,0.0,0
2026-06-14T0600,2671A,100.9016,36.9464,海北藏族自治州,海晏县西海镇,,30,26,26,12,11,94,94,NA,NA,8,4,9,8,0.4,0.4
2026-06-14T0600,3867A,102.074,36.5056,海东市,平安区公安局北苑,,32,22,31,22,17,85,85,NA,NA,2,8,7,10,0.5,0.5
2026-06-14T0600,4163A,102.0984,36.5119,海东市,滨河路,,31,31,35,18,17,39,39,NA,NA,34,41,7,8,0.7,0.8
2026-06-14T0600,1410A,110.3189,20.0596,海口市,海南大学,,18,17,17,8,9,57,57,NA,NA,4,8,5,5,0.3,0.4
2026-06-14T0600,1411A,110.2827,20.0051,海口市,秀英海南医院,,15,14,17,10,11,46,46,NA,NA,8,11,5,5,0.2,0.3
2026-06-14T0600,1412A,110.3391,19.9979,海口市,海南师范大学,,17,17,20,9,10,46,46,NA,NA,6,8,3,3,0.3,0.4
2026-06-14T0600,1413A,110.3303,20.0359,海口市,龙华路环保局宿舍,,17,17,18,8,9,54,54,NA,NA,5,8,/,/,0.0,0.3
2026-06-14T0600,3539A,110.5111,19.9737,海口市,桂林洋子站,,17,17,20,10,11,46,46,NA,NA,6,6,/,/,/,/
2026-06-14T0600,4134A,110.1952,20.0451,海口市,长滨二路9号,,17,17,17,9,9,48,48,NA,NA,4,8,/,/,/,/
2026-06-14T0600,2673A,100.6158,36.2985,海南藏族自治州,共和县恰卜恰镇,,32,32,27,16,11,92,92,NA,NA,3,5,11,11,0.4,0.4
2026-06-14T0600,2676A,97.373,37.376,海西蒙古族藏族自治州,德令哈市,,41,22,19,8,7,131,131,NA,NA,1,1,16,15,0.3,0.3
2026-06-14T0600,1049A,114.492,36.5712,邯郸市,矿院,NA,NA,NA,32,24,21,NA,NA,NA,NA,6,7,3,4,0.3,0.4
2026-06-14T0600,1050A,114.4839,36.6136,邯郸市,丛台公园,,41,26,30,19,16,129,129,NA,NA,5,7,5,6,0.3,0.4
2026-06-14T0600,3458A,114.7893,36.5592,邯郸市,香泉濮院小区,NA,NA,NA,30,19,17,86,86,NA,NA,11,11,NA,3,0,0.1
2026-06-14T0600,3580A,114.1998,36.4439,邯郸市,峰峰矿区临水派出所,,43,28,37,27,22,137,137,NA,NA,4,9,13,10,0.5,0.5
2026-06-14T0600,4068A,114.5209,36.7697,邯郸市,建安街268号,,30,26,42,21,16,70,70,NA,NA,20,9,1,4,0.3,0.4
2026-06-14T0600,4069A,114.5488,36.6177,邯郸市,丛台东路558号,NA,NA,18,41,10,17,114,114,NA,NA,6,10,NA,4,0.3,0.3
2026-06-14T0600,2635A,107.0155,33.0707,汉中市,市监测站,,46,36,42,32,29,30,30,NA,NA,13,11,5,5,0.6,0.5
2026-06-14T0600,2636A,107.0083,33.114,汉中市,鑫源开发区,NA,NA,40,42,35,31,35,35,NA,NA,17,14,6,8,NA,0.8
2026-06-14T0600,2637A,107.0072,33.0323,汉中市,南郑大河坎水厂,,43,35,36,30,26,14,14,NA,NA,15,12,4,4,0.8,0.8
2026-06-14T0600,1223A,120.2073,30.2111,杭州市,滨江,,38,32,38,26,25,38,38,NA,NA,19,24,5,5,0.4,0.5
2026-06-14T0600,1224A,120.0625,30.2737,杭州市,西溪,NA,NA,17,30,13,23,NA,NA,NA,NA,9,15,4,4,0.7,0.8
2026-06-14T0600,1226A,120.3417,30.315,杭州市,下沙,,25,NA,26,17,23,65,65,NA,NA,14,24,4,4,0.6,0.7
2026-06-14T0600,1227A,120.1252,30.2465,杭州市,卧龙桥,,23,20,31,16,26,18,18,NA,NA,9,16,8,9,0.5,0.5
2026-06-14T0600,1228A,120.1902,30.2691,杭州市,浙江农大,,38,NA,29,26,27,43,43,NA,NA,20,29,6,6,0.3,0.3
2026-06-14T0600,1230A,120.1195,30.3121,杭州市,和睦小学,,35,NA,28,24,27,26,26,NA,NA,10,18,8,8,0.5,0.6
2026-06-14T0600,1231A,120.3076,30.4146,杭州市,临平镇,NA,NA,28,37,21,23,62,62,NA,NA,12,21,NA,6,0.4,0.4
2026-06-14T0600,1232A,120.2753,30.1839,杭州市,城厢镇,,33,25,34,23,23,46,46,NA,NA,18,25,5,6,0.5,0.5
2026-06-14T0600,1233A,120.0883,30.1808,杭州市,云栖,,22,19,32,15,24,15,15,NA,NA,12,21,9,8,0.6,0.7
2026-06-14T0600,3557A,119.9463,30.0496,杭州市,镇二中,,16,13,26,11,23,35,35,NA,NA,16,27,5,5,0.6,0.6
2026-06-14T0600,3558A,119.7184,30.2367,杭州市,市府大楼,,29,NA,21,20,19,32,32,NA,NA,11,11,7,7,0.6,0.6
2026-06-14T0600,3656A,120.1554,30.2863,杭州市,消防大队,,38,27,34,26,26,46,46,NA,NA,12,22,7,7,0.4,0.5
2026-06-14T0600,1270A,117.1957,31.7845,合肥市,明珠广场,,40,NA,20,28,14,68,68,NA,NA,10,10,8,8,0.5,0.5
2026-06-14T0600,1271A,117.307,31.8765,合肥市,三里街,,29,27,24,20,14,51,51,NA,NA,21,16,9,9,0.5,0.5
2026-06-14T0600,1272A,117.2587,31.8703,合肥市,琥珀山庄,,30,24,22,21,12,65,65,NA,NA,12,8,6,7,0.8,0.7
2026-06-14T0600,1275A,117.2593,31.9376,合肥市,庐阳区,,33,27,23,23,14,52,52,NA,NA,30,18,8,8,0.6,0.6
2026-06-14T0600,1276A,117.345251,31.861615,合肥市,瑶海区,,31,31,24,19,12,55,55,NA,NA,20,15,9,9,0.6,0.6
2026-06-14T0600,1277A,117.3033,31.7967,合肥市,包河区,,39,39,23,26,11,28,28,NA,NA,51,18,10,9,0.5,0.5
2026-06-14T0600,1278A,117.278,31.7392,合肥市,滨湖新区,,27,27,20,18,12,56,56,NA,NA,18,11,11,11,0.5,0.4
2026-06-14T0600,1279A,117.1324,31.8395,合肥市,高新区,,36,36,24,23,13,63,63,NA,NA,18,12,6,6,0.4,0.4
2026-06-14T0600,3464A,117.3802,31.9148,合肥市,高教基地,,25,17,23,17,10,45,45,NA,NA,14,12,4,5,0.4,0.4
2026-06-14T0600,4098A,117.2518,31.8404,合肥市,中国科学技术大学,NA,NA,22,18,21,11,70,70,NA,NA,13,10,NA,9,0.6,0.5
2026-06-14T0600,3614A,79.9241,37.0878,和田地区,地区环保局,NA,NA,44,228,NA,NA,102,102,NA,NA,2,4,5,6,0.2,0.2
2026-06-14T0600,3615A,79.9132,37.1137,和田地区,市环保局,,42,42,205,19,55,105,105,NA,NA,2,2,1,1,0.3,0.3
2026-06-14T0600,2517A,108.0496,24.6957,河池市,市环保站,,20,15,23,14,16,45,45,NA,NA,8,8,7,7,0.8,0.9
2026-06-14T0600,4302A,108.0901,24.6945,河池市,上任中路54号,,19,19,27,13,16,43,43,NA,NA,9,9,5,5,0.7,0.8
2026-06-14T0600,1697A,114.6962,23.7538,河源市,东埔,,13,12,17,9,14,19,19,NA,NA,16,12,5,4,0.6,0.7
2026-06-14T0600,1698A,114.6895,23.7232,河源市,老城,,19,14,22,13,17,18,18,NA,NA,18,16,6,6,0.8,0.8
2026-06-14T0600,3374A,115.5562,35.089,菏泽市,定陶老年大学,,39,39,36,25,12,64,64,NA,NA,24,14,6,4,0.4,0.4
2026-06-14T0600,4114A,115.4239,35.2593,菏泽市,黄河路600号,NA,NA,41,42,28,15,66,66,NA,NA,10,8,NA,5,0.3,0.3
2026-06-14T0600,4115A,115.5025,35.2727,菏泽市,菏泽市人社局,NA,NA,41,35,38,22,58,58,NA,NA,22,13,NA,7,0.2,0.2
2026-06-14T0600,4184A,115.479691,35.244011,菏泽市,永昌路1号,NA,NA,NA,39,35,15,64,64,NA,NA,19,10,6,6,0,0
2026-06-14T0600,4193A,115.471542,35.280012,菏泽市,长城路999号,,49,44,39,34,21,65,65,NA,NA,16,10,9,8,0.3,0.3
2026-06-14T0600,2514A,111.5264,24.4178,贺州市,环保小区,,16,16,20,3,14,36,36,NA,NA,7,11,8,8,0.3,0.4
2026-06-14T0600,2515A,111.561,24.4074,贺州市,政协大楼,,14,14,16,6,15,39,39,NA,NA,11,14,13,12,0.5,0.6
2026-06-14T0600,3534A,111.4744,24.455,贺州市,西湾,,16,16,27,9,13,27,27,NA,NA,13,13,9,10,0.4,0.5
2026-06-14T0600,2385A,114.17,35.9019,鹤壁市,市监测站,细颗粒物(PM2.5),64,52,54,42,29,109,109,NA,NA,8,12,6,6,0.8,0.6
2026-06-14T0600,2386A,114.2953,35.7512,鹤壁市,市交警支队,NA,NA,66,53,31,24,101,101,NA,NA,NA,14,3,6,0.8,0.5
2026-06-14T0600,2387A,114.2877,35.7302,鹤壁市,迎宾馆,颗粒物(PM10),57,59,51,30,22,110,110,NA,NA,10,14,9,8,0.8,0.5
2026-06-14T0600,3474A,114.2616,35.6824,鹤壁市,大新区,NA,NA,45,50,39,25,112,112,NA,NA,14,18,NA,6,0.8,0.4
2026-06-14T0600,3596A,114.1573,35.9607,鹤壁市,南山宾馆,细颗粒物(PM2.5),68,50,55,44,40,112,112,NA,NA,9,11,8,10,0.9,0.6
2026-06-14T0600,2244A,130.2537,47.3416,鹤岗市,哈啤分公司,NA,NA,16,16,3,5,46,46,NA,NA,4,4,NA,5,0.1,0.1
2026-06-14T0600,2245A,130.2683,47.3087,鹤岗市,斯达机电,,20,20,26,3,5,45,45,NA,NA,7,4,4,4,0.2,0.2
2026-06-14T0600,2246A,130.3114,47.3388,鹤岗市,东山纸板厂,,23,NA,44,16,8,37,37,NA,NA,10,9,8,5,0.6,0.6
2026-06-14T0600,2263A,127.4832,50.2524,黑河市,交通局,,13,13,20,3,5,31,31,NA,NA,9,8,4,4,0.3,0.2
2026-06-14T0600,2264A,127.5146,50.2339,黑河市,环保局,,24,24,25,3,9,30,30,NA,NA,5,7,5,9,0.2,0.2
2026-06-14T0600,1074A,115.6839,37.754,衡水市,电机北厂,,43,43,56,15,22,105,105,NA,NA,12,13,2,3,0.4,0.4
2026-06-14T0600,1075A,115.6303,37.7318,衡水市,市监测站,,40,40,52,11,18,84,84,NA,NA,12,16,3,4,0.7,0.7
2026-06-14T0600,3188A,115.6684,37.7216,衡水市,市城管局,,41,41,60,27,23,93,93,NA,NA,15,12,6,4,0.3,0.3
2026-06-14T0600,3459A,115.599,37.5491,衡水市,地表水厂,,46,46,55,16,20,32,32,NA,NA,41,20,7,8,0.2,0.3
2026-06-14T0600,2457A,112.6209,26.9268,衡阳市,衡阳化工总厂,,15,15,19,10,11,37,37,NA,NA,9,11,4,4,0.8,0.8
2026-06-14T0600,2458A,112.621,26.8957,衡阳市,珠晖区环保局,,17,17,18,7,10,44,44,NA,NA,9,14,7,6,0.8,0.8
2026-06-14T0600,2459A,112.628,26.8654,衡阳市,市委党校,,13,13,17,9,12,40,40,NA,NA,8,10,9,8,0.7,1
2026-06-14T0600,2460A,112.6007,26.8977,衡阳市,市监测站,,15,NA,18,6,13,48,48,NA,NA,9,12,7,7,0.7,0.8
2026-06-14T0600,2461A,112.5658,26.9013,衡阳市,真空机电公司,,23,18,17,16,12,42,42,NA,NA,7,10,6,6,0.7,0.8
2026-06-14T0600,3399A,112.6703,26.8817,衡阳市,师范学院,,15,14,20,9,14,48,48,NA,NA,6,10,9,8,0.5,0.6
2026-06-14T0600,3038A,103.3757,23.3679,红河哈尼族彝族自治州,州图书馆,,16,16,8,3,5,19,19,NA,NA,6,4,4,5,0.4,0.2
2026-06-14T0600,4154A,103.401,23.3561,红河哈尼族彝族自治州,蒙自市朝阳路,,14,14,12,9,5,25,25,NA,NA,5,3,6,6,0.3,0.2
2026-06-14T0600,1090A,111.6506,40.7517,呼和浩特市,呼市一监,,20,NA,17,12,9,63,63,NA,NA,10,11,7,8,0.3,0.4
2026-06-14T0600,1094A,111.7516,40.8369,呼和浩特市,如意水处理厂,,18,8,19,3,11,56,56,NA,NA,9,12,7,8,0.5,0.5
2026-06-14T0600,1095A,111.727798,40.806187,呼和浩特市,二十九中,,20,14,19,14,15,55,55,NA,NA,12,12,9,10,0.5,0.5
2026-06-14T0600,1097A,111.717,40.7617,呼和浩特市,化肥厂生活区,,19,NA,21,13,15,54,54,NA,NA,14,14,9,10,0.7,0.5
2026-06-14T0600,3699A,111.6519,40.8389,呼和浩特市,海东办,,14,12,16,3,4,44,44,NA,NA,14,14,5,6,0.4,0.4
2026-06-14T0600,4275A,111.591512,40.827312,呼和浩特市,成吉思汗西街8号,NA,NA,9,22,3,7,30,30,NA,NA,40,22,NA,6,0.2,0.3
2026-06-14T0600,4276A,111.6597,40.8077,呼和浩特市,公园东路75号,,20,7,18,3,7,64,64,NA,NA,14,13,9,10,0.4,0.5
2026-06-14T0600,4277A,111.5427,40.7846,呼和浩特市,金海路35号,NA,NA,12,25,3,8,48,48,NA,NA,20,16,NA,6,0.3,0.3
2026-06-14T0600,3061A,119.7511,49.1576,呼伦贝尔市,国华电力东,,23,23,34,13,13,55,55,NA,NA,9,7,4,4,0.3,0.3
2026-06-14T0600,4279A,119.7569,49.2222,呼伦贝尔市,伊敏大街东7号,,18,18,30,12,14,53,53,NA,NA,11,9,7,6,0.4,0.4
2026-06-14T0600,1250A,120.075,30.867,湖州市,城西水厂,,42,38,37,29,26,70,70,NA,NA,12,22,4,5,0.5,0.5
2026-06-14T0600,2873A,120.083,30.8929,湖州市,仁皇山新区,,30,28,35,21,24,62,62,NA,NA,14,23,5,6,0.4,0.5
2026-06-14T0600,2907A,120.1846,30.8592,湖州市,吴兴区站,,38,NA,30,26,27,62,62,NA,NA,10,16,6,6,0.5,0.6
2026-06-14T0600,3562A,120.4146,30.8538,湖州市,南浔区站,,22,15,38,15,23,67,67,NA,NA,7,19,7,7,0.5,0.5
2026-06-14T0600,1607A,120.904878,40.721091,葫芦岛市,龙港区,,31,29,29,19,24,99,99,NA,NA,4,8,9,9,0.4,0.5
2026-06-14T0600,1608A,120.8382,40.7521,葫芦岛市,化工街,,30,29,30,21,24,91,91,NA,NA,8,15,7,9,0.2,0.4
2026-06-14T0600,1609A,120.8339,40.7078,葫芦岛市,新区,,42,NA,31,29,24,92,92,NA,NA,5,8,5,4,0.5,0.5
2026-06-14T0600,1610A,120.8697,40.7679,葫芦岛市,东城区,,29,23,32,20,29,87,87,NA,NA,8,13,6,7,0.5,0.5
2026-06-14T0600,2483A,109.9297,27.5383,怀化市,河西地税局,,12,10,10,8,6,18,18,NA,NA,9,6,2,2,/,/
2026-06-14T0600,2484A,109.9783,27.5342,怀化市,市四医院,,33,NA,10,23,8,14,14,NA,NA,12,7,6,5,0.6,0.4
2026-06-14T0600,2485A,109.9971,27.5579,怀化市,监测楼,NA,NA,NA,13,18,10,23,23,NA,NA,10,8,NA,7,0.6,0.5
2026-06-14T0600,1210A,119.0566,33.5991,淮安市,钵池山,,49,34,36,34,21,74,74,NA,NA,15,14,6,8,0.8,0.8
2026-06-14T0600,1211A,119.0083,33.578,淮安市,北京南路,,46,41,39,32,20,88,88,NA,NA,14,14,8,9,0.7,0.8
2026-06-14T0600,1212A,118.9938,33.6083,淮安市,市监测站,,43,NA,28,30,20,96,96,NA,NA,16,17,7,8,0.7,0.8
2026-06-14T0600,1213A,119.135,33.5038,淮安市,楚州区监测站,,48,37,42,33,24,88,88,NA,NA,15,18,6,7,0.4,0.4
2026-06-14T0600,3426A,118.8757,33.2897,淮安市,新华书店,,40,36,36,28,20,84,84,NA,NA,16,15,9,9,0.8,0.7
2026-06-14T0600,4092A,119.119691,33.550006,淮安市,枚皋中路89号,细颗粒物(PM2.5),56,41,37,38,23,86,86,NA,NA,15,15,10,9,0.8,0.9
2026-06-14T0600,4206A,119.028838,33.631911,淮安市,承德北路606号,细颗粒物(PM2.5),66,53,40,43,21,68,68,NA,NA,20,13,7,8,0.7,0.7
2026-06-14T0600,2282A,116.8005,33.9749,淮北市,监测站,,36,29,39,25,22,94,94,NA,NA,10,10,8,7,0.3,0.3
2026-06-14T0600,2283A,116.8094,33.9008,淮北市,烈山区政府,NA,NA,38,46,37,18,77,77,NA,NA,18,13,NA,5,0.6,0.5
2026-06-14T0600,4017A,116.7926,33.9534,淮北市,市博物馆,NA,NA,32,39,26,21,89,89,NA,NA,NA,5,4,4,0.6,0.6
2026-06-14T0600,4100A,116.8322,33.9884,淮北市,杜集区第一实验学校,,48,48,47,31,16,76,76,NA,NA,11,8,6,5,0.6,0.5
2026-06-14T0600,2277A,116.8304,32.7726,淮南市,潘集区政府,细颗粒物(PM2.5),66,NA,32,43,19,55,55,NA,NA,20,14,7,7,0.4,0.3
2026-06-14T0600,2279A,116.8569,32.5949,淮南市,谢家集区政府,,36,NA,24,25,20,72,72,NA,NA,17,16,10,7,0.3,0.3
2026-06-14T0600,2280A,116.8279,32.6333,淮南市,八公山区政府,,40,37,31,28,17,68,68,NA,NA,14,10,8,6,0.3,0.2
2026-06-14T0600,2894A,117.0561,32.6536,淮南市,经济技术开发区消防队,细颗粒物(PM2.5),84,NA,30,52,24,49,49,NA,NA,26,13,8,8,0.5,0.4
2026-06-14T0600,3329A,117.011,32.5891,淮南市,山南新区,,29,26,31,20,22,81,81,NA,NA,8,10,9,10,0.3,0.3
2026-06-14T0600,4209A,117.003137,32.644456,淮南市,国庆中路369号,,35,NA,32,24,19,69,69,NA,NA,14,12,9,8,0.2,0.2
2026-06-14T0600,2446A,114.9021,30.474,黄冈市,职工中心,,31,31,19,20,10,43,43,NA,NA,5,4,7,7,0.8,0.7
2026-06-14T0600,2929A,114.8858,30.4519,黄冈市,红卫路,,33,33,20,20,13,53,53,NA,NA,3,5,5,5,0.7,0.6
2026-06-14T0600,3398A,114.9134,30.4446,黄冈市,市林业局,,30,30,20,20,14,54,54,NA,NA,4,10,4,4,0.5,0.4
2026-06-14T0600,2672A,102.02,35.5101,黄南藏族自治州,同仁县隆务镇,,37,37,28,11,12,106,106,NA,NA,1,2,10,9,0.2,0.2
2026-06-14T0600,2295A,118.2905,29.6965,黄山市,延安路89号,,38,38,20,26,13,37,37,NA,NA,6,7,5,5,0.4,0.3
2026-06-14T0600,2297A,118.1369,30.2755,黄山市,黄山区政府5号楼,,23,23,18,6,8,20,20,NA,NA,3,4,2,3,0.4,0.4
2026-06-14T0600,4210A,118.335445,29.720283,黄山市,滨江东路7-2号,,28,28,25,11,11,27,27,NA,NA,5,7,/,/,/,/
2026-06-14T0600,2423A,115.0547,30.2332,黄石市,沈家营,,41,41,35,19,15,36,36,NA,NA,10,11,3,4,0.2,0.5
2026-06-14T0600,2426A,114.899,30.211,黄石市,铁山,,36,36,21,14,12,16,16,NA,NA,23,14,8,6,0.4,0.4
2026-06-14T0600,2427A,115.0259,30.2108,黄石市,团城山,,50,45,28,35,14,28,28,NA,NA,17,8,8,4,0.5,0.5
2026-06-14T0600,3149A,115.0174,30.1591,黄石市,笔架山北路,颗粒物(PM10),52,52,36,17,12,31,31,NA,NA,6,7,3,4,0.4,0.3
2026-06-14T0600,4185A,115.078022,30.21118,黄石市,磁湖东路29号,,40,40,32,25,16,40,40,NA,NA,14,15,4,4,0.1,0.4
2026-06-14T0600,1392A,114.4181,23.0528,惠州市,河南岸金山湖子站,,14,14,17,6,10,39,39,NA,NA,8,14,7,6,0.5,0.6
2026-06-14T0600,1393A,114.4055,23.0824,惠州市,下埔横江三路子站,,16,16,21,7,11,34,34,NA,NA,8,13,5,3,0.7,0.8
2026-06-14T0600,1395A,114.4645,22.7832,惠州市,惠阳区承修路船湖子站,,13,13,15,7,9,34,34,NA,NA,11,11,5,4,0.7,0.7
2026-06-14T0600,1396A,114.5316,22.7423,惠州市,大亚湾管委会子站,,20,20,20,8,10,21,21,NA,NA,19,16,4,5,0.5,0.6
2026-06-14T0600,3314A,114.4334,22.8134,惠州市,惠阳秋长,,34,34,18,13,8,11,11,NA,NA,32,16,/,/,/,/
2026-06-14T0600,3452A,114.6521,22.7755,惠州市,大亚湾霞涌,NA,NA,15,15,6,8,NA,NA,NA,NA,17,8,/,/,/,/
2026-06-14T0600,4300A,114.4089,23.1147,惠州市,文华一路1号,,22,22,18,10,11,6,6,NA,NA,28,16,/,/,/,/
2026-06-14T0600,2240A,130.9618,45.2926,鸡西市,环保局,NA,NA,26,18,22,13,32,32,NA,NA,20,10,NA,9,0.3,0.3
2026-06-14T0600,2243A,130.9294,45.2959,鸡西市,第一中学,,15,15,20,7,13,34,34,NA,NA,20,11,10,8,0.3,0.3
2026-06-14T0600,3707A,131.0069,45.2988,鸡西市,欧美日汽修厂,,19,NA,20,13,11,30,30,NA,NA,16,8,9,8,0.4,0.3
2026-06-14T0600,2367A,114.9753,27.0803,吉安市,红声器材厂,,19,19,30,3,13,36,36,NA,NA,12,16,8,8,0.5,0.5
2026-06-14T0600,2369A,114.9903,27.1313,吉安市,市环境监测站,,13,13,29,3,15,30,30,NA,NA,8,11,12,12,/,/
2026-06-14T0600,2370A,115.009527,27.096792,吉安市,青原区法院,,18,18,34,3,17,36,36,NA,NA,11,14,9,9,0.6,0.5
2026-06-14T0600,1772A,126.54,43.8622,吉林市,哈达湾,NA,NA,74,56,40,35,3,3,NA,NA,68,50,NA,11,0.6,0.5
2026-06-14T0600,1773A,126.5843,43.8358,吉林市,东局子,细颗粒物(PM2.5),107,74,53,67,48,1,1,NA,NA,57,38,6,5,0.6,0.6
2026-06-14T0600,1774A,126.5051,43.8243,吉林市,电力学院,NA,NA,93,65,44,32,3,3,NA,NA,61,41,NA,8,1.0,0.8
2026-06-14T0600,1775A,126.6133,43.8971,吉林市,江北,细颗粒物(PM2.5),108,71,63,68,60,1,1,NA,NA,49,44,NA,8,0.5,0.6
2026-06-14T0600,1776A,126.5549,43.8304,吉林市,江南公园,NA,NA,75,58,45,36,0,0,NA,NA,60,41,NA,7,0.4,0.4
2026-06-14T0600,2868A,126.4737,43.953,吉林市,九站,细颗粒物(PM2.5),62,63,60,41,35,10,10,NA,NA,51,55,21,18,0.4,0.6
2026-06-14T0600,1299A,116.9866,36.6118,济南市,科干所,,38,36,32,26,16,93,93,NA,NA,16,11,4,5,0.6,0.5
2026-06-14T0600,1300A,116.9379,36.6652,济南市,农科所,,42,37,38,29,18,77,77,NA,NA,16,13,4,4,0.2,0.2
2026-06-14T0600,1301A,117.1265,36.6736,济南市,开发区,,49,49,35,29,17,78,78,NA,NA,16,8,5,6,0.5,0.4
2026-06-14T0600,1303A,117.0616,36.6865,济南市,省种子仓库,颗粒物(PM10),51,51,40,32,19,96,96,NA,NA,16,10,5,5,0.4,0.3
2026-06-14T0600,1304A,116.9495185,36.644937,济南市,机床二厂,,46,46,41,31,18,96,96,NA,NA,15,12,5,6,0.5,0.4
2026-06-14T0600,1305A,117.0496,36.6629,济南市,市监测站,,46,46,37,29,18,94,94,NA,NA,15,10,4,4,0.4,0.2
2026-06-14T0600,1306A,116.7674,36.5458,济南市,长清党校,细颗粒物(PM2.5),52,44,42,36,18,81,81,NA,NA,21,12,4,5,0.2,0.2
2026-06-14T0600,1961A,117.5323,36.6865,济南市,东山小学,细颗粒物(PM2.5),60,56,48,40,20,91,91,NA,NA,21,16,4,4,0.3,0.2
2026-06-14T0600,3059A,117.7181,36.205,济南市,泰兴公司,颗粒物(PM10),60,63,49,34,21,69,69,NA,NA,30,18,14,14,0.4,0.4
2026-06-14T0600,3064A,117.6861,36.2172,济南市,莱芜战役纪念馆,颗粒物(PM10),55,56,45,30,20,90,90,NA,NA,22,12,6,10,0.4,0.2
2026-06-14T0600,3494A,117.1673,36.9782,济南市,济阳区政府,细颗粒物(PM2.5),88,NA,58,54,21,67,67,NA,NA,16,18,9,8,0.4,0.3
2026-06-14T0600,3495A,117.1168,36.6299,济南市,锦屏中学,,39,39,37,23,16,50,50,NA,NA,10,8,7,8,0.5,0.5
2026-06-14T0600,4108A,117.7107,36.2385,济南市,山财大街5号,颗粒物(PM10),53,53,45,32,20,94,94,NA,NA,24,12,11,8,0.5,0.4
2026-06-14T0600,4109A,116.9744,36.6889,济南市,无影山路12号,,42,36,33,29,18,91,91,NA,NA,17,12,4,3,0.7,0.6
2026-06-14T0600,1653A,116.6229,35.4288,济宁市,火炬城,,32,32,39,14,13,85,85,NA,NA,14,13,6,6,0.5,0.4
2026-06-14T0600,3500A,116.5808,35.3703,济宁市,北湖一中,,40,40,43,23,18,88,88,NA,NA,12,12,5,5,0.3,0.3
2026-06-14T0600,3501A,116.8251,35.5592,济宁市,服务中心,,44,44,44,25,19,88,88,NA,NA,14,10,4,3,0.3,0.2
2026-06-14T0600,3678A,116.5907,35.4054,济宁市,市第七中学,,37,37,44,24,15,93,93,NA,NA,12,8,6,6,0.3,0.2
2026-06-14T0600,4111A,116.6075,35.4566,济宁市,任和路,,42,42,39,23,16,94,94,NA,NA,8,6,5,4,0.5,0.4
2026-06-14T0600,4112A,116.5648,35.3921,济宁市,文体南路1号,,43,43,42,26,12,87,87,NA,NA,20,15,6,5,0,0.2
2026-06-14T0600,4122A,112.6071,35.1015,济源市,市委党校,颗粒物(PM10),65,71,48,27,19,43,43,NA,NA,29,18,15,12,0.6,0.6
2026-06-14T0600,4123A,112.596,35.0702,济源市,沁园中路1号,NA,NA,82,39,30,22,45,45,NA,NA,36,22,NA,8,0.8,0.8
2026-06-14T0600,2255A,130.2749,46.8028,佳木斯市,佳纺,,19,19,18,13,9,25,25,NA,NA,18,14,2,2,0.2,0.1
2026-06-14T0600,2257A,130.3258,46.7975,佳木斯市,环保局,,42,NA,18,29,8,18,18,NA,NA,28,14,4,4,0.3,0.3
2026-06-14T0600,4285A,130.363,46.806,佳木斯市,顺和街,,12,8,14,3,7,38,38,NA,NA,11,8,1,1,0.1,0.1
2026-06-14T0600,4286A,130.3952,46.8268,佳木斯市,长安路196号,,12,7,25,3,15,36,36,NA,NA,9,17,4,5,0.1,0.1
2026-06-14T0600,1252A,120.7439,30.778,嘉兴市,清河小学,,27,6,23,3,11,84,84,NA,NA,5,12,6,5,0.8,0.7
2026-06-14T0600,1253A,120.7261,30.7477,嘉兴市,嘉兴学院,,27,15,26,3,15,84,84,NA,NA,10,17,4,5,0.4,0.4
2026-06-14T0600,2872A,120.7845,30.7524,嘉兴市,南湖区残联,,31,NA,17,3,9,99,99,NA,NA,3,11,5,6,0.5,0.5
2026-06-14T0600,3407A,120.6915,30.7741,嘉兴市,秀洲住建,,25,6,20,3,13,79,79,NA,NA,8,18,6,7,0.5,0.4
2026-06-14T0600,1945A,98.291,39.7705,嘉峪关市,气象局,,41,41,35,18,12,116,116,NA,NA,10,13,24,8,0.5,0.4
2026-06-14T0600,2884A,98.2672,39.7978,嘉峪关市,酒钢宾馆,颗粒物(PM10),51,51,41,19,17,114,114,NA,NA,8,15,18,16,0.4,0.7
2026-06-14T0600,3248A,98.2644,39.7723,嘉峪关市,雄关区,,44,44,30,13,13,114,114,NA,NA,8,11,16,10,0.5,0.5
2026-06-14T0600,1383A,113.1063,22.6058,江门市,北街,,17,17,18,9,7,34,34,NA,NA,2,6,/,/,/,/
2026-06-14T0600,1384A,113.073,22.5835,江门市,西区,,16,13,19,11,8,46,46,NA,NA,7,14,/,/,/,/
2026-06-14T0600,1385A,113.0218,22.531,江门市,圭峰西,NA,NA,38,21,15,10,43,43,NA,NA,NA,9,/,/,/,/
2026-06-14T0600,1386A,113.0826,22.5947,江门市,东湖,,22,22,17,9,9,47,47,NA,NA,7,12,6,6,0.3,0.4
2026-06-14T0600,3311A,113.1077,22.5647,江门市,江海富民,,49,49,36,15,8,34,34,NA,NA,23,13,/,/,0.4,0.4
2026-06-14T0600,3449A,113.0496,22.4669,江门市,新会银湖,,18,16,19,12,7,30,30,NA,NA,20,14,1,2,0.5,0.5
2026-06-14T0600,3335A,113.3137,35.2643,焦作市,马村街道办,,48,48,63,23,19,104,104,NA,NA,12,11,9,9,0.7,0.5
2026-06-14T0600,3336A,113.2464,35.2374,焦作市,焦作技师学院,颗粒物(PM10),62,66,35,29,20,97,97,NA,NA,13,12,10,10,0.9,0.5
2026-06-14T0600,3477A,113.1656,35.2536,焦作市,中站许衡医院,颗粒物(PM10),51,51,43,30,20,105,105,NA,NA,8,10,8,10,0.5,0.4
2026-06-14T0600,3981A,113.2456,35.18,焦作市,原李万街道办,颗粒物(PM10),53,53,40,25,18,108,108,NA,NA,11,10,11,11,0.6,0.4
2026-06-14T0600,4264A,113.234,35.219,焦作市,新安路1731号,颗粒物(PM10),63,68,47,29,18,112,112,NA,NA,12,10,11,12,1.1,0.8
2026-06-14T0600,4295A,113.2722,35.2121,焦作市,人民路3066号,颗粒物(PM10),61,65,40,27,22,99,99,NA,NA,16,14,6,7,0.7,0.5
2026-06-14T0600,1708A,116.3701,23.5345,揭阳市,新兴,,10,10,28,3,15,32,32,NA,NA,9,14,5,7,0.3,0.5
2026-06-14T0600,1709A,116.3261,23.5442,揭阳市,西马,,13,13,29,7,15,26,26,NA,NA,12,13,4,5,0.5,0.6
2026-06-14T0600,1710A,116.361,23.5627,揭阳市,东兴,,13,13,29,7,19,22,22,NA,NA,14,16,2,4,/,/
2026-06-14T0600,1711A,116.4151,23.5295,揭阳市,渔湖,,40,32,31,28,17,6,6,NA,NA,27,14,5,4,/,/
2026-06-14T0600,3320A,116.4028,23.5699,揭阳市,曲溪,,30,NA,28,21,20,11,11,NA,NA,14,11,3,2,0.8,0.8
2026-06-14T0600,1944A,102.1691,38.5166,金昌市,天庆家园,,41,41,47,13,17,75,75,NA,NA,9,13,19,12,0.3,0.3
2026-06-14T0600,4022A,102.1648,38.5369,金昌市,金川区人防中心,,27,24,41,11,16,86,86,NA,NA,6,14,6,11,0.3,0.4
2026-06-14T0600,4239A,102.193042,38.531887,金昌市,长春路96号,,43,43,41,14,17,92,92,NA,NA,6,7,4,8,0.1,0.2
2026-06-14T0600,1262A,119.6478,29.0773,金华市,十五中,,35,31,28,24,18,31,31,NA,NA,23,22,2,2,0.6,0.6
2026-06-14T0600,1263A,119.6859,29.1032,金华市,监测站,,25,25,30,16,17,21,21,NA,NA,32,30,5,4,0.6,0.6
2026-06-14T0600,3659A,119.656,29.1132,金华市,气象局,,29,27,28,20,19,14,14,NA,NA,39,30,4,3,0.5,0.4
2026-06-14T0600,1767A,121.1114,41.0879,锦州市,南山,,29,23,29,20,29,74,74,NA,NA,10,14,4,5,0.3,0.4
2026-06-14T0600,1768A,121.060361,40.842794,锦州市,开发区,,34,25,36,20,30,106,106,NA,NA,5,13,6,7,0.4,0.5
2026-06-14T0600,1769A,121.1836,41.1118,锦州市,百股街道,,33,25,29,23,33,82,82,NA,NA,9,14,4,5,0.4,0.5
2026-06-14T0600,1770A,121.1176,41.1224,锦州市,天安街道,,30,25,34,20,31,94,94,NA,NA,8,17,4,5,0.3,0.4
2026-06-14T0600,1771A,121.1303,41.1385,锦州市,北湖公园,,28,21,33,19,28,82,82,NA,NA,7,14,4,5,0.3,0.4
2026-06-14T0600,2160A,112.8496,35.5051,晋城市,自来水公司,,44,44,44,12,10,62,62,NA,NA,23,13,4,6,0.5,0.5
2026-06-14T0600,2162A,112.8509,35.4886,晋城市,市环保局,NA,NA,54,43,18,13,NA,NA,NA,NA,22,14,4,6,0.4,0.4
2026-06-14T0600,3620A,112.8258,35.4804,晋城市,泽州一中,颗粒物(PM10),58,61,41,16,14,75,75,NA,NA,21,17,4,6,0.5,0.5
2026-06-14T0600,4078A,112.8246,35.5152,晋城市,前书院路,,40,40,38,20,15,69,69,NA,NA,16,15,6,8,0.6,0.5
2026-06-14T0600,4079A,112.8864,35.4773,晋城市,祥云街666号,NA,NA,38,34,21,18,69,69,NA,NA,22,13,NA,7,0.4,0.5
2026-06-14T0600,2174A,112.6992,37.6984,晋中市,榆次区政府,NA,NA,NA,44,NA,27,NA,NA,165,NA,NA,13,NA,11,NA,0.8
2026-06-14T0600,2865A,112.7195,37.683,晋中市,榆次三中,细颗粒物(PM2.5),58,NA,42,39,27,89,89,NA,NA,12,11,8,11,0.5,0.7
2026-06-14T0600,4080A,112.7375,37.7215,晋中市,广安街188号,,46,42,41,32,24,69,69,NA,NA,13,14,6,10,0.3,0.3
2026-06-14T0600,4200A,112.7478,37.6954,晋中市,迎宾街26号,,42,34,41,29,24,81,81,NA,NA,13,14,5,8,0.4,0.4
2026-06-14T0600,2439A,112.2012,31.048,荆门市,竹园小学,颗粒物(PM10),61,65,39,39,24,38,38,NA,NA,24,12,5,5,0.9,0.7
2026-06-14T0600,2440A,112.1968,30.9892,荆门市,掇刀,,46,NA,33,32,26,35,35,NA,NA,18,11,8,9,0.6,0.6
2026-06-14T0600,3012A,112.1849,31.0361,荆门市,西山林语,,38,38,32,21,24,25,25,NA,NA,7,9,8,9,0.5,0.5
2026-06-14T0600,3547A,112.1631,31.0134,荆门市,龙泉中学南校,,42,NA,32,29,21,71,71,NA,NA,3,3,6,6,0.5,0.6
2026-06-14T0600,4124A,112.2213,31.0654,荆门市,新台西路6号,,35,27,34,24,27,34,34,NA,NA,11,11,2,3,0.6,0.5
2026-06-14T0600,1844A,112.2493,30.3198,荆州市,市图书馆,,38,26,27,26,22,59,59,NA,NA,13,12,6,6,0.4,0.4
2026-06-14T0600,1845A,112.2009,30.3543,荆州市,市委党校,,39,35,28,27,22,44,44,NA,NA,17,13,9,9,0.5,0.4
2026-06-14T0600,3194A,112.2749,30.3124,荆州市,管委会,,38,38,31,26,23,38,38,NA,NA,16,9,10,9,0.6,0.4
2026-06-14T0600,4268A,112.1722,30.3366,荆州市,学苑路85号,,32,23,22,22,22,45,45,NA,NA,11,11,9,7,0.2,0.2
2026-06-14T0600,2343A,117.2114,29.2931,景德镇市,老干部活动中心,,15,NA,12,10,10,28,28,NA,NA,6,9,7,4,0.5,0.5
2026-06-14T0600,2344A,117.1893,29.2789,景德镇市,兽医站,,18,18,21,7,9,31,31,NA,NA,5,7,4,4,0.5,0.5
2026-06-14T0600,2346A,117.246,29.2958,景德镇市,陶研所,,15,NA,10,10,8,29,29,NA,NA,2,3,4,4,0.6,0.5
2026-06-14T0600,4289A,117.154766,29.256967,景德镇市,青少年活动中心,,16,14,12,11,8,28,28,NA,NA,5,7,4,4,/,/
2026-06-14T0600,1803A,115.9873,29.6816,九江市,十里,,32,32,23,21,17,52,52,NA,NA,21,17,4,2,0.8,0.8
2026-06-14T0600,1804A,115.9583,29.7047,九江市,茅山头,NA,NA,24,16,24,19,70,70,NA,NA,19,16,NA,3,0.5,0.5
2026-06-14T0600,1805A,115.9877,29.7295,九江市,西园,,40,NA,14,28,18,57,57,NA,NA,19,20,8,5,0.6,0.6
2026-06-14T0600,1808A,115.9112,29.6038,九江市,综合工业园,,35,NA,13,24,14,30,30,NA,NA,25,35,2,3,0.6,0.6
2026-06-14T0600,3190A,116.0254,29.6995,九江市,外国语学校,NA,NA,23,20,22,19,59,59,NA,NA,15,15,NA,8,0.6,0.6
2026-06-14T0600,4253A,116.010205,29.659402,九江市,莲花大道8号,,38,NA,12,26,12,29,29,NA,NA,9,7,5,4,0.6,0.5
2026-06-14T0600,4240A,98.495752,39.733935,酒泉市,玉门东路5号,,48,48,28,15,14,104,104,NA,NA,4,11,6,7,0.1,0.2
2026-06-14T0600,4241A,98.5099,39.7506,酒泉市,北大街108号,颗粒物(PM10),55,56,33,17,12,106,106,NA,NA,4,11,9,10,0.2,0.3
2026-06-14T0600,2698A,76.0071,39.466,喀什地区,巡警大队,,35,19,51,18,16,109,109,NA,NA,7,13,5,5,0.3,0.3
2026-06-14T0600,2699A,75.9756,39.4693,喀什地区,吾办,,32,17,41,8,15,100,100,NA,NA,3,9,6,6,0.4,0.5
2026-06-14T0600,4027A,75.9485,39.4688,喀什地区,老干局,,33,15,53,3,8,103,103,NA,NA,4,8,3,3,0.3,0.4
2026-06-14T0600,1824A,114.3389,34.778,开封市,肿瘤医院,,45,38,38,31,23,65,65,NA,NA,20,15,6,7,0.7,0.6
2026-06-14T0600,1826A,114.2884,34.7966,开封市,世纪星幼儿园,,38,33,35,26,23,68,68,NA,NA,13,11,7,7,0.6,0.5
2026-06-14T0600,3147A,114.3434,34.8101,开封市,龙亭公园,,32,31,43,22,20,72,72,NA,NA,18,16,7,7,0.8,0.7
2026-06-14T0600,3210A,114.3645,34.7955,开封市,汴京公园,,34,34,35,20,22,68,68,NA,NA,16,14,8,8,0.6,0.4
2026-06-14T0600,3473A,114.2485,34.8306,开封市,技师学院,,41,41,37,20,17,79,79,NA,NA,14,12,10,10,0.5,0.4
2026-06-14T0600,3592A,114.4518,34.7503,开封市,祥符区生态环境局,,39,37,35,27,22,56,56,NA,NA,32,20,9,10,0.5,0.4
2026-06-14T0600,1951A,84.886,45.6029,克拉玛依市,长征新村,,29,13,15,9,9,90,90,NA,NA,3,4,3,3,0.2,0.2
2026-06-14T0600,1952A,84.8894,45.5827,克拉玛依市,南林小区,,24,15,20,3,3,75,75,NA,NA,4,7,3,4,0.4,0.4
2026-06-14T0600,1954A,84.896,44.3328,克拉玛依市,独山子区,,32,10,17,6,4,101,101,NA,NA,2,5,7,7,0.2,0.3
2026-06-14T0600,1955A,85.6888,46.0909,克拉玛依市,乌尔禾区商贸楼,,22,22,29,8,13,70,70,NA,NA,7,6,6,6,0.2,0.2
2026-06-14T0600,3612A,85.1045,45.6895,克拉玛依市,白碱滩区新站,,34,13,11,3,4,106,106,NA,NA,2,2,6,6,0,0
2026-06-14T0600,2697A,76.1457,39.7143,克孜勒苏柯尔克孜自治州,市人民政府,,30,18,30,8,12,93,93,NA,NA,2,6,6,7,0.0,0.1
2026-06-14T0600,3665A,76.1654,39.7157,克孜勒苏柯尔克孜自治州,克州文化中心,,32,32,33,10,12,92,92,NA,NA,2,4,9,7,0.1,0.2
2026-06-14T0600,1450A,102.8203,24.889,昆明市,呈贡新区,,19,6,15,3,7,59,59,NA,NA,9,8,4,5,0.6,0.5
2026-06-14T0600,1452A,102.7253,25.0904,昆明市,龙泉镇,,19,11,16,3,8,58,58,NA,NA,8,11,5,6,0.3,0.4
2026-06-14T0600,1453A,102.7267,25.0378,昆明市,东风东路,,22,9,16,3,9,69,69,NA,NA,10,13,1,2,0.2,0.3
2026-06-14T0600,1454A,102.6744,25.0671,昆明市,金鼎山,,23,10,21,7,10,72,72,NA,NA,6,12,3,4,0.4,0.5
2026-06-14T0600,1455A,102.6643,25.0401,昆明市,碧鸡广场,,23,12,20,9,11,72,72,NA,NA,4,12,3,2,0.4,0.5
2026-06-14T0600,3179A,102.7491,25.012,昆明市,官渡区博物馆,,15,6,18,3,8,46,46,NA,NA,17,11,3,4,0.4,0.3
2026-06-14T0600,3375A,102.8016,24.8336,昆明市,青年创业园,,19,6,10,3,6,58,58,NA,NA,6,8,4,6,0.4,0.4
2026-06-14T0600,3550A,102.8,24.9787,昆明市,昆明学院,,24,24,17,11,7,70,70,NA,NA,8,8,5,5,0.3,0.5
2026-06-14T0600,3551A,102.5969,24.6738,昆明市,晋宁区生态环境分局,,22,22,14,11,7,32,32,NA,NA,8,4,3,3,0.4,0.3
2026-06-14T0600,3552A,102.6673,24.9861,昆明市,云天化总部,,20,14,14,3,5,62,62,NA,NA,10,11,4,5,0.4,0.4
2026-06-14T0600,1456A,91.132,29.6515,拉萨市,八廓街,,32,19,14,11,8,101,101,NA,NA,2,7,4,5,0.2,0.3
2026-06-14T0600,1457A,91.1221,29.6748,拉萨市,市环保局,,34,20,13,6,6,106,106,NA,NA,5,7,7,7,0.5,0.4
2026-06-14T0600,1458A,91.0874,29.6476,拉萨市,区监测站,,35,13,11,3,6,112,112,NA,NA,5,8,5,5,0.2,0.2
2026-06-14T0600,1459A,91.1774,29.6541,拉萨市,西藏大学,,35,21,13,14,7,110,110,NA,NA,6,9,7,6,0.4,0.4
2026-06-14T0600,1460A,90.9798,29.6586,拉萨市,区辐射站,,35,11,15,6,8,111,111,NA,NA,6,12,6,6,0.3,0.3
2026-06-14T0600,1461A,91.0831,29.6292,拉萨市,拉萨火车站,,36,21,11,10,7,113,113,NA,NA,3,6,4,4,0.2,0.2
2026-06-14T0600,2520A,109.2203,23.7252,来宾市,来宾技工学校,,11,10,20,7,8,32,32,NA,NA,10,4,9,7,1.1,0.8
2026-06-14T0600,3535A,109.1781,23.7293,来宾市,兴宾区政府,,15,11,19,10,7,32,32,NA,NA,7,7,6,5,0.9,0.7
2026-06-14T0600,4002A,109.2312,23.7428,来宾市,中南小学,,13,11,20,9,9,27,27,NA,NA,11,8,6,6,0.9,0.5
2026-06-14T0600,1479A,103.8309,36.0467,兰州市,铁路设计院,颗粒物(PM10),53,53,52,30,24,58,58,NA,NA,39,44,6,12,0.8,0.8
2026-06-14T0600,3241A,103.7439,36.0841,兰州市,百合公园,颗粒物(PM10),52,52,50,22,21,20,20,NA,NA,60,38,7,12,0.5,0.8
2026-06-14T0600,3242A,103.9613,35.9985,兰州市,和平,,33,31,43,15,21,104,104,NA,NA,7,11,12,15,0.3,0.5
2026-06-14T0600,4236A,103.629272,36.093822,兰州市,庄浪东路808号,,43,43,44,23,20,84,84,NA,NA,14,25,8,16,0.2,0.4
2026-06-14T0600,4237A,103.7251,36.104344,兰州市,安宁西路88号,颗粒物(PM10),63,67,54,25,23,8,8,NA,NA,80,30,9,18,0.4,0.4
2026-06-14T0600,4238A,103.846982,36.067567,兰州市,北滨河东路1号,,49,49,49,20,19,82,82,NA,NA,23,30,12,17,0.4,0.5
2026-06-14T0600,1067A,116.6712,39.5109,廊坊市,药材公司,,31,31,39,17,24,65,65,NA,NA,16,17,3,4,0.4,0.5
2026-06-14T0600,1068A,116.7215,39.5592,廊坊市,开发区,,33,30,39,23,23,64,64,NA,NA,16,15,3,3,0.3,0.3
2026-06-14T0600,1070A,116.7246,39.5273,廊坊市,北华航天学院,,35,NA,35,24,23,71,71,NA,NA,13,14,3,2,0.3,0.3
2026-06-14T0600,2919A,116.7022,39.5454,廊坊市,河北工业大学,,30,NA,34,21,24,59,59,NA,NA,18,18,1,2,0.3,0.3
2026-06-14T0600,2536A,103.7629,29.5844,乐山市,牛耳桥,,32,31,26,22,17,82,82,NA,NA,11,12,5,5,0.5,0.5
2026-06-14T0600,2537A,103.7501,29.6002,乐山市,市第三水厂,,32,30,26,22,17,85,85,NA,NA,11,15,4,4,0.6,0.6
2026-06-14T0600,2538A,103.7571,29.5664,乐山市,市监测站,,32,32,27,22,15,91,91,NA,NA,8,11,2,3,0.4,0.5
2026-06-14T0600,3361A,103.7313,29.563,乐山市,理工大学,,30,30,26,20,16,81,81,NA,NA,9,10,3,4,0.6,0.6
2026-06-14T0600,2599A,100.2497,26.8802,丽江市,丽江古城,,20,15,12,14,10,33,33,NA,NA,9,9,6,7,0.5,0.5
2026-06-14T0600,2600A,100.2203,26.8906,丽江市,市中心,,15,NA,12,10,8,34,34,NA,NA,8,9,5,6,0.5,0.6
2026-06-14T0600,1267A,119.9141,28.4513,丽水市,监测站大楼,,20,16,12,14,8,36,36,NA,NA,15,16,5,5,0.3,0.3
2026-06-14T0600,1268A,119.93,28.4589,丽水市,莲都小学,,20,20,14,14,7,40,40,NA,NA,12,13,/,/,/,/
2026-06-14T0600,1269A,119.8794,28.4232,丽水市,余庄前,,23,23,17,13,8,12,12,NA,NA,15,14,5,5,0.4,0.3
2026-06-14T0600,1173A,119.1759,34.5885,连云港市,市环境监测站,,45,39,53,31,34,82,82,NA,NA,18,17,9,13,0.5,0.6
2026-06-14T0600,3000A,119.3577,34.6971,连云港市,德源药业,,45,44,69,31,37,83,83,NA,NA,16,20,8,8,0.4,0.6
2026-06-14T0600,3007A,119.178,34.8442,连云港市,新城一中,颗粒物(PM10),58,60,66,28,27,54,54,NA,NA,35,21,4,5,0.7,0.7
2026-06-14T0600,3008A,119.3607,34.7519,连云港市,胡沟管理处,,35,19,46,12,29,111,111,NA,NA,10,19,10,12,0.4,0.5
2026-06-14T0600,3009A,119.1478,34.5913,连云港市,矿山设计院,,49,44,57,34,32,74,74,NA,NA,16,17,5,6,0.3,0.4
2026-06-14T0600,3434A,119.2414,34.6539,连云港市,工贸学校,,38,29,48,26,30,101,101,NA,NA,5,10,4,7,0.4,0.5
2026-06-14T0600,3664A,119.4171,34.734,连云港市,连云街道,,40,40,62,25,29,110,110,NA,NA,8,31,10,13,0.4,0.5
2026-06-14T0600,2573A,102.2629,27.8981,凉山彝族自治州,西昌市政府,,18,12,11,12,9,29,29,NA,NA,7,6,4,4,0.4,0.4
2026-06-14T0600,2574A,102.2686,27.885,凉山彝族自治州,凉山州政府,,16,15,13,11,10,35,35,NA,NA,6,7,5,5,0.4,0.4
2026-06-14T0600,4229A,102.2342,27.8859,凉山彝族自治州,凯乐南路30号,,26,20,15,18,11,20,20,NA,NA,20,14,5,5,0.4,0.5
2026-06-14T0600,2212A,123.1978,41.2036,辽阳市,宏伟区,NA,NA,21,27,12,14,104,104,NA,NA,8,8,NA,7,0.4,0.5
2026-06-14T0600,2213A,123.1684,41.2497,辽阳市,新华园,NA,NA,23,30,13,16,108,108,NA,NA,12,11,NA,9,0.4,0.5
2026-06-14T0600,2214A,123.2355,41.2663,辽阳市,滨河路,NA,NA,33,27,22,17,84,84,NA,NA,20,12,NA,7,0.5,0.6
2026-06-14T0600,4083A,123.153,41.2874,辽阳市,铁西路150号,NA,NA,25,32,12,16,110,110,NA,NA,10,10,NA,7,0.2,0.2
2026-06-14T0600,2227A,125.1359,42.8845,辽源市,环保局,NA,NA,NA,22,42,22,41,41,NA,NA,33,23,NA,8,0.6,0.6
2026-06-14T0600,4085A,125.0998,42.9134,辽源市,安宁大街333号,细颗粒物(PM2.5),56,NA,29,38,23,36,36,NA,NA,26,22,8,8,0.5,0.5
2026-06-14T0600,1625A,115.9789,36.4372,聊城市,区政府,细颗粒物(PM2.5),56,39,40,38,16,85,85,NA,NA,13,7,10,9,0.4,0.4
2026-06-14T0600,3200A,115.9772,36.4986,聊城市,监控中心,细颗粒物(PM2.5),64,NA,40,42,17,61,61,NA,NA,15,9,7,9,0.3,0.3
2026-06-14T0600,3513A,116.0443,36.436,聊城市,九州社区,细颗粒物(PM2.5),66,70,47,43,18,77,77,NA,NA,19,7,6,5,0.4,0.3
2026-06-14T0600,4018A,116.0564,36.4609,聊城市,星美广场,细颗粒物(PM2.5),66,60,44,43,20,77,77,NA,NA,17,8,11,8,0.4,0.2
2026-06-14T0600,4113A,116.0091,36.4495,聊城市,利民路,细颗粒物(PM2.5),66,NA,29,43,17,80,80,NA,NA,18,8,12,10,0.5,0.3
2026-06-14T0600,2632A,94.3683,29.6373,林芝市,林芝监测站,,21,12,9,3,5,66,66,NA,NA,3,4,3,3,0.4,0.3
2026-06-14T0600,2633A,94.3616,29.6634,林芝市,林芝人民医院,,22,10,11,3,6,69,69,NA,NA,4,5,3,3,0.3,0.2
2026-06-14T0600,2603A,100.0779,23.8981,临沧市,市环保局,,12,12,17,6,10,31,31,NA,NA,7,7,6,6,0.6,0.5
2026-06-14T0600,2604A,100.0894,23.882,临沧市,市气象局,,16,16,14,8,12,31,31,NA,NA,6,6,7,8,0.4,0.4
2026-06-14T0600,1733A,111.5552,36.0791,临汾市,临钢医院,,49,49,60,24,16,62,62,NA,NA,20,19,9,9,0.9,0.7
2026-06-14T0600,1734A,111.4984,36.0734,临汾市,技工学校,NA,NA,60,62,19,20,58,58,NA,NA,24,20,NA,6,0.8,0.6
2026-06-14T0600,1736A,111.5017,36.0857,临汾市,市委,颗粒物(PM10),68,74,75,20,16,57,57,NA,NA,24,19,12,11,1.0,0.7
2026-06-14T0600,3018A,111.5048,36.1015,临汾市,唐尧大酒店,颗粒物(PM10),75,84,72,23,17,39,39,NA,NA,26,15,10,11,0.8,0.6
2026-06-14T0600,4244A,111.4879,36.053,临汾市,启星学校,颗粒物(PM10),56,58,63,18,19,56,56,NA,NA,24,21,10,10,0.8,0.6
2026-06-14T0600,4271A,103.2464,35.6123,临夏回族自治州,滨河东路1号,颗粒物(PM10),52,52,57,19,19,43,43,NA,NA,17,19,13,14,0.2,0.3
2026-06-14T0600,4310A,103.207136,35.599807,临夏回族自治州,新华街21号,,50,50,50,23,22,49,49,NA,NA,9,11,10,12,0.6,0.6
2026-06-14T0600,1618A,118.3429,35.0532,临沂市,沂河小区,颗粒物(PM10),51,51,58,26,26,84,84,NA,NA,14,20,25,17,0.3,0.3
2026-06-14T0600,1619A,118.2962,35.0568,临沂市,鲁南制药厂,NA,NA,NA,51,NA,18,NA,NA,158,NA,NA,18,NA,16,NA,0.5
2026-06-14T0600,1620A,118.2793,34.9976,临沂市,新光毛纺厂,细颗粒物(PM2.5),60,53,51,40,23,47,47,NA,NA,36,19,23,20,0.6,0.4
2026-06-14T0600,1621A,118.3955,35.0889,临沂市,河东保险公司,NA,NA,56,56,44,33,NA,NA,NA,NA,74,26,19,15,0.3,0.2
2026-06-14T0600,3370A,118.3563,35.0215,临沂市,十里堡居委,,34,34,55,23,26,83,83,NA,NA,25,24,28,20,0.5,0.6
2026-06-14T0600,3496A,118.359,35.1067,临沂市,南坊新区,颗粒物(PM10),51,51,59,34,29,73,73,NA,NA,50,17,22,14,0.2,0.2
2026-06-14T0600,3860A,118.3915,35.0297,临沂市,皇山花园小区,,35,27,58,24,30,86,86,NA,NA,22,17,24,19,0.4,0.5
2026-06-14T0600,1870A,109.4854,24.3898,柳州市,柳东小学,,18,18,20,7,10,22,22,NA,NA,6,7,13,5,0.6,0.6
2026-06-14T0600,1871A,109.4109,24.3304,柳州市,环保监测站,,18,18,23,7,12,24,24,NA,NA,9,10,14,8,0.8,0.8
2026-06-14T0600,1872A,109.3886,24.3408,柳州市,河西水厂,,22,15,23,15,13,14,14,NA,NA,11,11,28,8,0.5,0.6
2026-06-14T0600,1873A,109.4263,24.2951,柳州市,市四中,,13,13,23,6,12,25,25,NA,NA,10,9,16,8,0.7,0.7
2026-06-14T0600,1874A,109.396,24.3658,柳州市,市九中,,25,25,22,3,10,18,18,NA,NA,12,12,6,7,0.6,0.7
2026-06-14T0600,1875A,109.4912,24.3164,柳州市,古亭山,,18,18,22,9,10,23,23,NA,NA,5,7,10,4,0.7,0.6
2026-06-14T0600,3402A,109.5422,24.3994,柳州市,市二中,,17,17,21,6,10,26,26,NA,NA,1,2,15,9,0.6,0.6
2026-06-14T0600,2307A,116.5078,31.7369,六安市,监测大楼,,36,NA,14,25,20,60,60,NA,NA,8,8,4,4,0.4,0.4
2026-06-14T0600,2308A,116.4738,31.7642,六安市,皖西学院,,38,NA,16,26,18,55,55,NA,NA,9,5,5,5,0.3,0.3
2026-06-14T0600,2309A,116.4997,31.7904,六安市,朝阳厂,,43,NA,11,30,19,55,55,NA,NA,18,10,7,7,0.4,0.3
2026-06-14T0600,2310A,116.5566,31.7885,六安市,开发区,,43,NA,9,30,21,50,50,NA,NA,17,19,6,6,0.2,0.2
2026-06-14T0600,2577A,104.8293,26.592,六盘水市,黄土坡,,25,17,21,17,14,32,32,NA,NA,17,12,6,5,0.4,0.3
2026-06-14T0600,2579A,104.8481,26.5898,六盘水市,民中,,19,19,17,12,13,30,30,NA,NA,18,16,2,2,0.5,0.5
2026-06-14T0600,2580A,104.9541,26.5506,六盘水市,双水,,27,27,24,16,11,10,10,NA,NA,17,14,4,6,0.4,0.4
2026-06-14T0600,4151A,104.8899,26.5685,六盘水市,钟山大道中段564号,,31,31,30,17,14,14,14,NA,NA,22,16,6,7,0.7,1
2026-06-14T0600,2336A,117.022,25.1031,龙岩市,龙岩市监测站,NA,NA,7,26,3,17,43,43,NA,NA,4,9,NA,5,0.3,0.4
2026-06-14T0600,2337A,117.0257,25.0662,龙岩市,闽西职业技术学院,,13,8,28,6,19,39,39,NA,NA,4,9,6,7,0.4,0.5
2026-06-14T0600,2338A,117.0195,25.0306,龙岩市,龙岩学院,NA,NA,9,29,3,15,46,46,NA,NA,4,6,NA,6,/,/
2026-06-14T0600,2885A,104.9344,33.3827,陇南市,滨江中学,,45,45,46,15,15,67,67,NA,NA,9,9,9,8,0.4,0.4
2026-06-14T0600,3247A,104.9551,33.3709,陇南市,市总工会,,31,31,29,16,13,72,72,NA,NA,6,5,7,7,0.2,0.2
2026-06-14T0600,2488A,111.9984,27.7346,娄底市,市监测站,NA,NA,NA,18,36,17,NA,NA,NA,NA,15,15,7,7,0.7,0.6
2026-06-14T0600,2491A,111.9888,27.7035,娄底市,市政府,,43,NA,14,30,10,21,21,NA,NA,9,7,16,4,0.5,0.4
2026-06-14T0600,4127A,111.9812,27.7591,娄底市,涟钢职大,,42,34,14,29,9,22,22,NA,NA,7,7,3,4,0.7,1
2026-06-14T0600,4128A,112.0303,27.7457,娄底市,娄底体校,细颗粒物(PM2.5),54,41,19,37,14,26,26,NA,NA,7,7,2,1,0.5,0.4
2026-06-14T0600,1894A,105.4427,28.9063,泸州市,小市上码头,,35,35,26,18,12,56,56,NA,NA,10,13,10,8,0.3,0.3
2026-06-14T0600,1895A,105.4241,28.8573,泸州市,兰田宪桥,,48,48,36,25,18,41,41,NA,NA,18,17,6,7,0.3,0.3
2026-06-14T0600,1896A,105.4378,28.8833,泸州市,市环监站,,27,27,22,14,11,47,47,NA,NA,15,17,8,8,0.5,0.5
2026-06-14T0600,4272A,105.3689,28.7783,泸州市,纳溪中医医院,,38,31,32,26,19,24,24,NA,NA,18,15,6,5,0.6,0.6
2026-06-14T0600,2183A,111.1447,37.5212,吕梁市,环保局,,39,39,44,6,10,44,44,NA,NA,15,17,4,5,0.2,0.2
2026-06-14T0600,2185A,111.1285,37.5338,吕梁市,自来水公司,颗粒物(PM10),70,78,46,23,13,17,17,NA,NA,32,22,7,5,0.3,0.4
2026-06-14T0600,2867A,111.1225,37.5093,吕梁市,马茂庄小学,NA,NA,48,46,12,10,NA,NA,NA,NA,25,22,4,5,0.2,0.3
2026-06-14T0600,1812A,112.3934,34.6517,洛阳市,市委党校,,40,40,31,19,14,65,65,NA,NA,14,11,9,11,0.4,0.4
2026-06-14T0600,1815A,112.494,34.6883,洛阳市,河南林校,颗粒物(PM10),52,52,34,21,17,60,60,NA,NA,25,14,12,12,0.6,0.5
2026-06-14T0600,1816A,112.3843,34.623,洛阳市,开发区管委会,,35,35,29,20,14,50,50,NA,NA,18,10,10,12,0.4,0.4
2026-06-14T0600,1817A,112.4263,34.6249,洛阳市,市委新办公区,,38,37,28,26,14,52,52,NA,NA,16,10,12,13,0.2,0.2
2026-06-14T0600,3340A,112.6005,34.6323,洛阳市,伊滨,,46,46,34,30,16,53,53,NA,NA,23,16,9,11,0.5,0.5
2026-06-14T0600,3341A,112.495,34.6338,洛阳市,中移产业园,,38,38,29,23,13,65,65,NA,NA,19,11,12,11,0.6,0.5
2026-06-14T0600,3593A,112.5736,34.8993,洛阳市,吉利监测站,颗粒物(PM10),51,51,35,34,19,27,27,NA,NA,38,18,10,10,0.4,0.3
2026-06-14T0600,3635A,112.3678,34.6623,洛阳市,河科大西苑校区,颗粒物(PM10),63,68,33,36,16,47,47,NA,NA,31,12,13,12,1.0,0.8
2026-06-14T0600,3636A,112.4387,34.678,洛阳市,英才小学,NA,NA,47,32,NA,16,70,70,NA,NA,17,10,11,10,0.5,0.4
2026-06-14T0600,4214A,112.460027,34.694929,洛阳市,春都路1号院,颗粒物(PM10),53,53,28,28,15,54,54,NA,NA,22,12,9,9,0.4,0.3
2026-06-14T0600,2399A,114.051,33.5721,漯河市,三五一五工厂,,41,41,32,27,21,36,36,NA,NA,30,15,6,6,0.5,0.4
2026-06-14T0600,2400A,114.0055,33.5698,漯河市,漯河大学,,46,NA,23,32,22,45,45,NA,NA,25,15,7,7,0.5,0.3
2026-06-14T0600,2401A,114.0134,33.5826,漯河市,市水利局,,41,41,29,27,20,49,49,NA,NA,22,14,7,6,0.4,0.2
2026-06-14T0600,2402A,114.0261,33.5697,漯河市,市广电局,,40,37,24,28,17,43,43,NA,NA,26,16,6,6,0.6,0.4
2026-06-14T0600,3478A,113.9691,33.568,漯河市,市图书馆,,42,35,34,29,19,47,47,NA,NA,25,16,8,8,0.6,0.5
2026-06-14T0600,4250A,114.089259,33.588274,漯河市,韶山路11号,,46,46,32,30,19,38,38,NA,NA,25,12,8,8,0.4,0.3
2026-06-14T0600,1798A,118.5084,31.6838,马鞍山市,湖东路四小,,40,NA,28,28,17,77,77,NA,NA,10,14,8,8,0.5,0.5
2026-06-14T0600,1799A,118.5019,31.6449,马鞍山市,开发区,,46,34,27,32,18,65,65,NA,NA,14,15,8,7,0.5,0.5
2026-06-14T0600,3633A,118.4914,31.681,马鞍山市,雨山,,26,24,25,18,15,81,81,NA,NA,8,12,4,4,0.5,0.6
2026-06-14T0600,4191A,118.527362,31.722269,马鞍山市,慈湖高新区,,40,38,31,28,17,76,76,NA,NA,9,18,6,7,0.3,0.4
2026-06-14T0600,1686A,111.0285,21.469,茂名市,电白南海,,31,31,24,14,7,61,61,NA,NA,5,5,4,5,0.8,0.8
2026-06-14T0600,1687A,110.9294,21.6533,茂名市,茂石化七小,,24,24,26,16,13,27,27,NA,NA,12,14,13,11,0.4,0.5
2026-06-14T0600,1688A,110.9108,21.6688,茂名市,健康路,,22,17,16,15,12,30,30,NA,NA,11,12,8,10,0.6,0.7
2026-06-14T0600,1689A,110.8592,21.6826,茂名市,高岭,,29,29,30,18,12,31,31,NA,NA,22,14,5,6,/,/
2026-06-14T0600,3450A,111.0101,21.5165,茂名市,电白水东,,19,19,15,10,10,50,50,NA,NA,10,8,2,2,/,/
2026-06-14T0600,2540A,103.8414,30.0871,眉山市,气象局,,39,30,30,27,18,0,0,NA,NA,56,28,6,7,0.7,0.5
2026-06-14T0600,3148A,103.829,30.0563,眉山市,区人社局,,48,48,44,33,15,7,7,NA,NA,70,25,8,8,0.5,0.5
2026-06-14T0600,4148A,103.8836,30.0695,眉山市,眉职院,NA,NA,37,30,19,13,43,43,NA,NA,26,16,NA,7,0.6,0.6
2026-06-14T0600,1690A,116.1248,24.3307,梅州市,梅江月梅,,28,28,31,15,18,13,13,NA,NA,13,9,/,/,/,/
2026-06-14T0600,1691A,116.0798,24.2719,梅州市,梅县新城,,26,18,27,18,19,18,18,NA,NA,14,12,8,8,0.6,0.6
2026-06-14T0600,3315A,116.1234,24.2994,梅州市,梅龙,NA,NA,22,24,17,18,NA,NA,NA,NA,13,11,6,8,0.7,0.7
2026-06-14T0600,1878A,104.7775,31.4741,绵阳市,富乐山,,39,34,37,27,25,85,85,NA,NA,11,12,10,10,0.8,0.8
2026-06-14T0600,1880A,104.6698,31.4668,绵阳市,高新区自来水公司,,38,37,39,26,26,89,89,NA,NA,6,10,11,10,0.7,0.7
2026-06-14T0600,3491A,104.6899,31.5324,绵阳市,西科大附属小学,,38,38,40,24,28,85,85,NA,NA,9,13,6,6,0.2,0.2
2026-06-14T0600,3492A,104.5647,31.5343,绵阳市,安州区旅游局,颗粒物(PM10),52,52,43,27,28,79,79,NA,NA,11,9,6,8,0.5,0.5
2026-06-14T0600,4146A,104.7092,31.4972,绵阳市,科技城新区公安局,,38,38,47,23,26,92,92,NA,NA,8,11,10,10,0.6,0.6
2026-06-14T0600,4226A,104.765114,31.453094,绵阳市,绵阳市气象局,,39,39,41,26,26,87,87,NA,NA,9,13,8,8,0.5,0.5
2026-06-14T0600,1784A,129.61,44.561,牡丹江市,环保大楼,,24,24,19,15,10,25,25,NA,NA,12,10,5,5,0.4,0.3
2026-06-14T0600,1787A,129.6364,44.6075,牡丹江市,机车工厂,,33,27,27,23,15,20,20,NA,NA,16,12,6,6,0.4,0.3
2026-06-14T0600,1788A,129.6386,44.5462,牡丹江市,第一中学,,28,28,22,9,10,24,24,NA,NA,12,9,5,6,0.4,0.3
2026-06-14T0600,4287A,129.5992,44.5964,牡丹江市,东晓云街98号,,23,23,23,14,15,22,22,NA,NA,11,10,5,5,0.4,0.3
2026-06-14T0600,2531A,105.0703,29.61,内江市,市监测站,细颗粒物(PM2.5),52,NA,23,36,21,53,53,NA,NA,14,14,13,12,0.6,0.6
2026-06-14T0600,2533A,105.0657,29.5807,内江市,内江二中,细颗粒物(PM2.5),52,42,26,36,19,85,85,NA,NA,8,10,10,9,0.6,0.5
2026-06-14T0600,2534A,105.0407,29.5828,内江市,内江日报社,细颗粒物(PM2.5),56,NA,22,38,20,94,94,NA,NA,16,13,12,11,0.4,0.4
2026-06-14T0600,4147A,105.0433,29.6105,内江市,玉峰路西段888号,NA,NA,NA,26,38,20,48,48,NA,NA,16,14,NA,12,0.6,0.6
2026-06-14T0600,2628A,92.0653,31.4846,那曲市,那曲监测站,,29,6,15,3,9,92,92,NA,NA,2,6,4,5,0.4,0.4
2026-06-14T0600,4243A,92.0515,31.4787,那曲市,那曲市委宣传部,,30,7,10,3,6,95,95,NA,NA,5,7,6,6,0.4,0.4
2026-06-14T0600,1291A,115.8887,28.7006,南昌市,省林业公司,NA,NA,NA,3,10,5,52,52,NA,NA,9,6,NA,4,0.5,0.5
2026-06-14T0600,1292A,115.813,28.7443,南昌市,林科所,NA,NA,NA,2,3,5,70,70,NA,NA,3,7,NA,6,0.5,0.5
2026-06-14T0600,1294A,115.8518,28.687,南昌市,建工学校,NA,NA,15,4,8,6,58,58,NA,NA,5,7,NA,7,0.7,0.7
2026-06-14T0600,1295A,115.8926,28.6425,南昌市,象湖,NA,NA,NA,1,10,6,56,56,NA,NA,10,12,NA,7,0.5,0.5
2026-06-14T0600,3046A,115.9084,28.6062,南昌市,机电学校,,20,6,10,3,6,62,62,NA,NA,9,11,6,6,0.5,0.6
2026-06-14T0600,3690A,115.9718,28.7032,南昌市,外国语学校,,19,NA,5,7,5,59,59,NA,NA,3,3,12,10,0.7,0.6
2026-06-14T0600,4106A,115.7923,28.6873,南昌市,工业二路,NA,NA,8,9,3,8,65,65,NA,NA,3,4,NA,5,0.5,0.5
2026-06-14T0600,4192A,115.931587,28.686774,南昌市,南京东路235号,NA,NA,12,11,7,6,65,65,NA,NA,9,10,NA,3,0.7,0.7
2026-06-14T0600,1906A,106.0791,30.8022,南充市,南充市委,,49,44,36,34,24,23,23,NA,NA,18,13,6,6,0.4,0.3
2026-06-14T0600,1907A,106.1038,30.8215,南充市,南充炼油厂,,49,46,44,34,28,55,55,NA,NA,8,10,8,6,0.5,0.5
2026-06-14T0600,4227A,106.108336,30.788436,南充市,梨树横街98号,,50,47,38,35,26,54,54,NA,NA,15,14,9,8,0.6,0.6
2026-06-14T0600,4304A,106.1172,30.843,南充市,清泉寺北路188号,,48,45,42,33,28,61,61,NA,NA,9,10,9,8,0.4,0.4
2026-06-14T0600,4305A,106.067,30.7616,南充市,同庆路1号,,48,42,35,33,27,41,41,NA,NA,21,14,7,7,0.4,0.4
2026-06-14T0600,1151A,118.8033,32.1085,南京市,迈皋桥,,30,NA,22,19,14,95,95,NA,NA,8,12,4,7,0.4,0.4
2026-06-14T0600,1152A,118.7487,32.057,南京市,草场门,,35,19,22,16,14,110,110,NA,NA,9,14,4,7,0.5,0.6
2026-06-14T0600,1154A,118.770105,32.004342,南京市,中华门,,27,NA,20,14,12,85,85,NA,NA,3,8,6,6,0.4,0.4
2026-06-14T0600,1155A,118.8059,32.0329,南京市,瑞金路,,27,17,24,16,14,85,85,NA,NA,12,18,4,4,0.4,0.4
2026-06-14T0600,1156A,118.7946,32.0774,南京市,玄武湖,,25,21,27,16,11,78,78,NA,NA,8,13,6,8,0.3,0.3
2026-06-14T0600,1157A,118.6415,32.0964,南京市,浦口,,23,16,26,12,13,73,73,NA,NA,16,20,4,6,0.4,0.5
2026-06-14T0600,1158A,118.730129,32.000956,南京市,奥体中心,NA,NA,25,26,14,12,NA,NA,NA,NA,10,16,7,8,0.2,0.4
2026-06-14T0600,1159A,118.9072,32.1047,南京市,仙林大学城,,40,29,29,28,14,90,90,NA,NA,7,12,6,8,0.6,0.7
2026-06-14T0600,3422A,118.8443,31.919,南京市,江宁彩虹桥,,30,18,27,16,12,96,96,NA,NA,6,12,8,5,0.3,0.4
2026-06-14T0600,3427A,118.8497,32.3599,南京市,六合雄州,,38,38,28,23,13,72,72,NA,NA,15,12,3,6,0.3,0.5
2026-06-14T0600,4086A,118.7641,32.0841,南京市,新模范马路66号,NA,NA,19,25,13,10,100,100,NA,NA,5,10,NA,4,0.4,0.5
2026-06-14T0600,4249A,118.8707617,31.34017673,南京市,汶溪路181号,,43,NA,14,30,12,66,66,NA,NA,6,6,6,7,0.3,0.2
2026-06-14T0600,4312A,119.019,31.6512,南京市,中山西路1号,,26,NA,18,18,13,81,81,NA,NA,8,11,4,4,0.5,0.4
2026-06-14T0600,1401A,108.3098,22.788,南宁市,二十一中,,20,20,21,11,11,30,30,NA,NA,9,6,6,5,0.6,0.6
2026-06-14T0600,1402A,108.3135,22.8529,南宁市,北湖,,20,NA,25,14,14,28,28,NA,NA,12,12,5,3,0.6,0.6
2026-06-14T0600,1403A,108.3205,22.8222,南宁市,市监测站,,18,NA,23,12,10,23,23,NA,NA,13,6,4,4,0.6,0.6
2026-06-14T0600,1404A,108.3828,22.8038,南宁市,大自然花园,,22,17,18,15,11,25,25,NA,NA,14,8,4,4,0.5,0.5
2026-06-14T0600,1406A,108.2397,22.8462,南宁市,区农职院,,18,13,25,12,14,23,23,NA,NA,15,9,4,4,0.7,0.7
2026-06-14T0600,1407A,108.3285,22.7356,南宁市,英华嘉园,,16,16,24,11,11,40,40,NA,NA,12,12,5,4,0.5,0.5
2026-06-14T0600,3401A,108.4829,22.762,南宁市,红星社区,,16,16,21,10,11,29,29,NA,NA,14,7,5,5,0.5,0.5
2026-06-14T0600,4132A,108.2927,23.1477,南宁市,起凤路9号,,29,29,20,20,12,31,31,NA,NA,20,12,5,5,0.6,0.6
2026-06-14T0600,4221A,108.2177,22.7774,南宁市,乐贤路16号,,20,19,25,14,12,13,13,NA,NA,26,15,4,4,0.7,0.6
2026-06-14T0600,2332A,118.1682,26.6371,南平市,南平市监测站,NA,NA,6,17,3,11,37,37,NA,NA,6,8,NA,4,0.4,0.5
2026-06-14T0600,2334A,118.1757,26.6276,南平市,南平七中,,10,6,17,3,10,31,31,NA,NA,7,8,3,2,0.4,0.5
2026-06-14T0600,1168A,120.9056,31.9669,南通市,狼山街道,NA,NA,NA,23,0,16,111,111,NA,NA,6,20,4,6,0.8,0.9
2026-06-14T0600,1170A,120.8635,32.0231,南通市,城中,,33,6,32,3,16,104,104,NA,NA,12,22,2,4,0.4,0.5
2026-06-14T0600,1171A,120.9376,31.9301,南通市,星湖花园,,34,6,26,3,16,106,106,NA,NA,4,17,3,5,0.5,0.5
2026-06-14T0600,1172A,120.8053,32.046,南通市,紫琅学院,,33,6,28,3,16,105,105,NA,NA,2,18,4,6,0.4,0.5
2026-06-14T0600,3291A,121.0631,32.0644,南通市,通州监测站,,35,NA,30,3,15,111,111,NA,NA,2,14,8,7,0.5,0.6
2026-06-14T0600,3432A,120.9348,31.9874,南通市,环境教育馆,,33,7,32,3,16,104,104,NA,NA,11,21,5,6,0.4,0.5
2026-06-14T0600,4091A,120.8692,31.9885,南通市,洪江路,NA,NA,6,22,3,16,112,112,NA,NA,4,19,NA,4,0.6,0.7
2026-06-14T0600,2404A,112.5338,33.0086,南阳市,瓦房庄,,33,29,31,23,16,65,65,NA,NA,6,7,5,5,0.7,0.6
2026-06-14T0600,2405A,112.5002,32.9734,南阳市,汉画馆,,41,41,39,20,15,54,54,NA,NA,17,15,6,6,0.5,0.4
2026-06-14T0600,2406A,112.5778,33.0144,南阳市,气象站,,35,29,29,24,15,65,65,NA,NA,8,9,7,7,0.4,0.3
2026-06-14T0600,2407A,112.548,32.9687,南阳市,理工学院,,33,33,31,23,19,50,50,NA,NA,17,16,6,7,0.4,0.3
2026-06-14T0600,4008A,112.5233,32.9921,南阳市,卧龙区政府,,45,45,31,23,18,64,64,NA,NA,10,10,6,6,0.6,0.6
2026-06-14T0600,1234A,121.8352,29.9111,宁波市,区环保大楼,,38,10,16,3,7,120,120,NA,NA,8,10,6,6,0.7,0.6
2026-06-14T0600,1235A,121.5595,29.8208,宁波市,万里学院,,35,13,18,3,8,110,110,NA,NA,5,11,7,8,0.5,0.5
2026-06-14T0600,1236A,121.713,29.9564,宁波市,龙赛医院,,34,16,18,7,9,106,106,NA,NA,7,9,4,4,0.4,0.3
2026-06-14T0600,1240A,121.5855,29.8635,宁波市,太古小学,,32,7,17,3,8,101,101,NA,NA,8,12,3,4,0.3,0.3
2026-06-14T0600,1241A,121.5239,29.8673,宁波市,市环境监测中心,,32,14,24,3,8,100,100,NA,NA,8,14,4,4,0.2,0.2
2026-06-14T0600,2871A,121.6156,29.9015,宁波市,万里国际学校,,36,NA,8,3,8,115,115,NA,NA,2,6,5,6,0.4,0.4
2026-06-14T0600,3710A,121.5593,29.8976,宁波市,白沙活动中心,,33,10,16,3,7,103,103,NA,NA,7,10,6,6,0.4,0.4
2026-06-14T0600,4095A,121.8962,29.7529,宁波市,中科路88号,,42,12,16,3,7,133,133,NA,NA,4,3,5,6,0.2,0.2
2026-06-14T0600,2341A,119.5387,26.6611,宁德市,宁德市监测站,,13,6,11,3,8,41,41,NA,NA,12,16,4,4,0.7,0.8
2026-06-14T0600,3209A,119.5231,26.6562,宁德市,宁德一中,,12,NA,12,3,10,38,38,NA,NA,9,9,7,6,0.8,0.9
2026-06-14T0600,2618A,98.859,25.8541,怒江傈僳族自治州,州监测站,,20,20,19,3,8,25,25,NA,NA,5,6,5,5,0.3,0.3
2026-06-14T0600,2619A,98.8607,25.8168,怒江傈僳族自治州,泸水一中,,22,22,18,6,11,20,20,NA,NA,7,8,4,4,0.5,0.5
2026-06-14T0600,1888A,101.6891,26.571,攀枝花市,弄弄坪,NA,NA,24,38,3,13,NA,NA,NA,NA,8,13,5,3,0.4,0.6
2026-06-14T0600,1889A,101.577,26.5914,攀枝花市,河门口,,27,27,34,16,20,31,31,NA,NA,22,15,15,17,1.9,1.3
2026-06-14T0600,1891A,101.7365,26.4986,攀枝花市,仁和,,16,13,20,6,14,51,51,NA,NA,6,8,4,8,0.4,0.5
2026-06-14T0600,2835A,101.7222,26.567,攀枝花市,四十中小,,20,19,32,3,14,64,64,NA,NA,4,10,8,12,0.7,0.8
2026-06-14T0600,1604A,122.0303,41.1489,盘锦市,开发区,NA,NA,9,35,NA,28,57,57,NA,NA,10,10,10,8,0.2,0.2
2026-06-14T0600,1605A,122.0486,41.0883,盘锦市,兴隆台,NA,NA,29,30,NA,44,54,54,NA,NA,20,19,NA,7,0.5,0.6
2026-06-14T0600,1606A,121.8297,41.1026,盘锦市,新生街道,细颗粒物(PM2.5),68,NA,27,44,50,47,47,NA,NA,13,14,6,6,0.4,0.4
2026-06-14T0600,1832A,113.3257,33.7423,平顶山市,新华旅馆,,42,42,34,24,17,78,78,NA,NA,11,12,3,3,0.8,0.7
2026-06-14T0600,1833A,113.2917,33.737,平顶山市,规划设计院,,38,33,27,26,15,80,80,NA,NA,11,11,5,4,0.5,0.4
2026-06-14T0600,1834A,113.182,33.7738,平顶山市,平顶山工学院,,38,31,23,26,19,73,73,NA,NA,11,9,6,5,0.6,0.5
2026-06-14T0600,3594A,112.8736,33.9068,平顶山市,石龙区,颗粒物(PM10),55,56,31,22,17,42,42,NA,NA,25,9,6,5,0.6,0.5
2026-06-14T0600,4116A,113.284,33.7139,平顶山市,姚电大道23号,颗粒物(PM10),55,56,34,27,18,73,73,NA,NA,14,13,7,7,0.7,0.6
2026-06-14T0600,2656A,106.6633,35.5338,平凉市,聚贤嘉苑,,41,41,43,12,12,71,71,NA,NA,22,20,10,9,0.5,0.5
2026-06-14T0600,2657A,106.7021,35.5307,平凉市,博物馆,,36,36,42,16,12,76,76,NA,NA,16,18,8,6,0.4,0.4
2026-06-14T0600,2348A,113.8384,27.6436,萍乡市,中医院,,12,12,14,6,5,31,31,NA,NA,8,16,6,5,0.4,0.5
2026-06-14T0600,2350A,113.8677,27.6438,萍乡市,市环保局,,18,18,21,11,10,30,30,NA,NA,6,10,11,10,0.5,0.5
2026-06-14T0600,2351A,113.8663,27.6202,萍乡市,安源区政府,,19,19,17,6,12,30,30,NA,NA,8,15,8,7,0.4,0.6
2026-06-14T0600,4107A,113.8686,27.6668,萍乡市,联洪村委会,,15,15,14,3,7,31,31,NA,NA,8,11,6,6,0.7,0.6
2026-06-14T0600,2319A,119.0142,25.4324,莆田市,荔城区仓后路,NA,NA,28,24,21,13,48,48,NA,NA,NA,10,/,/,/,/
2026-06-14T0600,2320A,119.0016,25.4553,莆田市,莆田市监测站,,19,18,22,13,10,38,38,NA,NA,7,8,3,4,0.4,0.4
2026-06-14T0600,2321A,119.112,25.4561,莆田市,涵江区六中,,30,NA,18,21,12,46,46,NA,NA,17,10,/,/,1.1,0.7
2026-06-14T0600,2322A,119.1014,25.3215,莆田市,秀屿区政府,NA,NA,6,17,3,8,60,60,NA,NA,NA,6,4,5,0.6,0.6
2026-06-14T0600,2392A,115.0312,35.7636,濮阳市,环保局,,36,36,34,21,14,98,98,NA,NA,10,10,5,5,0.5,0.4
2026-06-14T0600,3021A,115,35.7667,濮阳市,濮水河管理处,,33,NA,34,23,16,82,82,NA,NA,16,15,5,5,0.6,0.5
2026-06-14T0600,4118A,115.0552,35.7816,濮阳市,中原东路68号,,38,38,39,21,13,100,100,NA,NA,9,10,5,4,0.4,0.4
2026-06-14T0600,4216A,115.0923632,35.76857718,濮阳市,任丘路479号,NA,NA,NA,39,NA,17,NA,NA,NA,NA,NA,9,NA,3,NA,0.3
2026-06-14T0600,2601A,100.9801,22.7634,普洱市,市环保局,,30,30,24,8,9,36,36,NA,NA,4,3,5,5,0.6,0.6
2026-06-14T0600,2602A,100.9763,22.8237,普洱市,普洱第二中学,,18,18,22,3,6,37,37,NA,NA,4,4,4,4,0.6,0.6
2026-06-14T0600,3345A,131.0413,45.7795,七台河市,中波台,,14,12,7,6,7,44,44,NA,NA,13,10,3,4,0.3,0.3
2026-06-14T0600,3637A,131.0136,45.7688,七台河市,人民广场,NA,NA,14,16,3,5,NA,NA,NA,NA,11,10,6,6,0.3,0.4
2026-06-14T0600,3684A,130.8639,45.8144,七台河市,新建矿广场,,31,31,25,3,9,42,42,NA,NA,10,15,6,7,0.1,0.2
2026-06-14T0600,1779A,123.9307,47.3641,齐齐哈尔市,安居小区,,25,25,22,3,4,37,37,NA,NA,15,10,4,3,0.5,0.4
2026-06-14T0600,1780A,123.9497,47.3389,齐齐哈尔市,中心广场,,16,16,16,3,6,42,42,NA,NA,16,13,2,2,0.3,0.3
2026-06-14T0600,1781A,123.9483,47.3229,齐齐哈尔市,农牧车辆厂,,15,12,19,3,4,47,47,NA,NA,10,9,10,9,0.2,0.2
2026-06-14T0600,1783A,123.9442,47.2994,齐齐哈尔市,市环境监测站,NA,NA,14,19,3,4,44,44,NA,NA,11,9,NA,3,0.4,0.4
2026-06-14T0600,3662A,123.6341,47.2079,齐齐哈尔市,富区青少年活动中心,,15,9,18,3,3,45,45,NA,NA,15,13,4,3,0.1,0.1
2026-06-14T0600,2591A,107.9765,26.5724,黔东南苗族侗族自治州,市环境监测站,,26,26,15,11,11,18,18,NA,NA,9,11,2,2,0.4,0.4
2026-06-14T0600,2881A,107.8909,26.531,黔东南苗族侗族自治州,凯里学院,,28,22,12,19,15,18,18,NA,NA,5,12,1,1,0.5,0.5
2026-06-14T0600,2593A,107.5223,26.2371,黔南布依族苗族自治州,小围寨,,20,19,11,14,10,6,6,NA,NA,8,7,4,4,0.5,0.5
2026-06-14T0600,3538A,107.5175,26.2977,黔南布依族苗族自治州,沙坝,,22,22,13,15,8,2,2,NA,NA,4,5,3,4,0.4,0.5
2026-06-14T0600,2589A,104.9022,25.0943,黔西南布依族苗族自治州,场坝街,,22,16,21,15,15,64,64,NA,NA,7,9,2,2,0.2,0.2
2026-06-14T0600,2590A,104.8812,25.0994,黔西南布依族苗族自治州,坪东大道,,28,28,25,14,14,53,53,NA,NA,6,9,5,6,0.2,0.4
2026-06-14T0600,2502A,108.6238,21.9667,钦州市,市环保站,,19,19,24,13,8,55,55,NA,NA,9,8,3,2,0.7,0.8
2026-06-14T0600,2503A,108.655,21.9481,钦州市,沙埠小学,,25,25,28,14,11,60,60,NA,NA,8,8,2,3,0.5,0.6
2026-06-14T0600,2504A,108.5989,21.7435,钦州市,港区一小,,25,20,29,17,12,63,63,NA,NA,8,8,2,2,0.6,0.6
2026-06-14T0600,3404A,108.5959,21.9634,钦州市,北职校,,19,17,21,3,9,60,60,NA,NA,5,6,2,5,0.5,0.7
2026-06-14T0600,1046A,119.5247,39.9346,秦皇岛市,建设大厦,,47,47,54,20,23,94,94,NA,NA,9,17,5,5,0.3,0.3
2026-06-14T0600,3132A,119.5979,39.938,秦皇岛市,文明里,颗粒物(PM10),54,55,52,18,25,89,89,NA,NA,12,15,5,5,0.2,0.3
2026-06-14T0600,4066A,119.7458,39.9952,秦皇岛市,南园路157号,,42,42,45,20,23,61,61,NA,NA,15,12,7,8,0.3,0.3
2026-06-14T0600,4067A,119.5131,39.8858,秦皇岛市,翠岛大街1号,,35,28,36,19,21,109,109,NA,NA,6,11,9,10,0.3,0.3
2026-06-14T0600,4198A,119.509013,39.825305,秦皇岛市,北戴河轮滑馆,NA,NA,48,46,28,21,NA,NA,NA,NA,7,8,8,8,0.3,0.3
2026-06-14T0600,1310A,120.404,36.0625,青岛市,市南区东部子站,,36,36,36,19,34,91,91,NA,NA,10,9,6,7,0.3,0.3
2026-06-14T0600,1311A,120.362344,36.10282,青岛市,四方区子站,,36,34,45,20,35,113,113,NA,NA,12,10,8,9,0.9,0.7
2026-06-14T0600,1312A,120.294373,36.054183,青岛市,市南区西部子站,,35,34,40,15,30,112,112,NA,NA,16,14,6,6,0.6,0.6
2026-06-14T0600,1313A,120.4581,36.0858,青岛市,崂山区子站,,34,34,40,18,33,95,95,NA,NA,13,13,7,7,0.3,0.3
2026-06-14T0600,1315A,120.3945,36.3083,青岛市,城阳区子站,,46,46,59,25,33,113,113,NA,NA,17,19,8,9,0.5,0.5
2026-06-14T0600,3642A,120.3454,36.0735,青岛市,市北区南部,,43,43,40,20,33,105,105,NA,NA,16,15,4,4,0.6,0.7
2026-06-14T0600,3643A,120.3897,36.18,青岛市,李沧区北部,,34,34,50,19,36,91,91,NA,NA,14,14,6,7,0.5,0.6
2026-06-14T0600,4110A,120.5222,36.4089,青岛市,盟旺路653号,,40,40,34,22,28,120,120,NA,NA,10,6,7,6,0.7,0.7
2026-06-14T0600,4290A,120.196923,35.954556,青岛市,珠江路669号,,36,36,43,19,28,106,106,NA,NA,11,13,5,5,0.4,0.4
2026-06-14T0600,4291A,120.0424,35.8656,青岛市,黄岛区人民政府广场,,36,36,36,21,25,92,92,NA,NA,15,11,10,10,0.6,0.6
2026-06-14T0600,1703A,113.0218,23.7086,清远市,凤城街办,,38,38,23,26,16,16,16,NA,NA,21,22,/,/,/,/
2026-06-14T0600,3025A,113.0479,23.6343,清远市,技师学院,NA,NA,42,20,24,13,NA,NA,NA,NA,22,13,6,5,0.5,0.5
2026-06-14T0600,3318A,112.9898,23.7403,清远市,清新太和,,21,20,24,12,17,67,67,NA,NA,8,17,5,6,0.4,0.5
2026-06-14T0600,3455A,113.076,23.72,清远市,清城东城,NA,NA,47,24,36,14,NA,NA,NA,NA,22,16,/,/,/,/
2026-06-14T0600,2661A,107.6325,35.7357,庆阳市,庆阳五中,颗粒物(PM10),53,53,36,17,10,87,87,NA,NA,17,12,6,5,0.4,0.3
2026-06-14T0600,2662A,107.6361,35.7067,庆阳市,市环保局,,38,38,35,18,10,109,109,NA,NA,13,12,8,5,0.4,0.3
2026-06-14T0600,1916A,103.7897,25.5036,曲靖市,环境监测站,,20,17,16,8,8,63,63,NA,NA,8,9,8,7,0.3,0.5
2026-06-14T0600,1917A,103.8013,25.5357,曲靖市,烟厂办公区,,19,12,16,3,6,60,60,NA,NA,6,7,3,3,0.5,0.5
2026-06-14T0600,3376A,103.7926,25.4651,曲靖市,南苑二区,,16,14,14,8,7,50,50,NA,NA,22,12,4,4,0.4,0.3
2026-06-14T0600,3377A,103.7442,25.5259,曲靖市,曲靖师范学院,,18,18,17,9,10,51,51,NA,NA,24,25,9,4,0.5,0.5
2026-06-14T0600,1264A,118.8694,28.94,衢州市,环保大楼,,36,34,26,25,19,41,41,NA,NA,14,20,/,/,/,/
2026-06-14T0600,1266A,118.8622,28.9809,衢州市,衢州学院,,39,31,22,27,20,45,45,NA,NA,17,22,3,3,0.4,0.4
2026-06-14T0600,4097A,118.9646,28.9832,衢州市,衢州三中,,26,26,27,18,19,46,46,NA,NA,14,23,6,5,0.5,0.5
2026-06-14T0600,1611A,118.5818,24.9116,泉州市,涂山街,NA,NA,6,23,3,15,47,47,NA,NA,10,12,NA,4,0.5,0.6
2026-06-14T0600,1612A,118.597,24.8976,泉州市,津头埔,,13,6,23,3,15,41,41,NA,NA,11,14,7,2,0.7,0.7
2026-06-14T0600,1613A,118.6669,24.9422,泉州市,万安,NA,NA,6,21,3,12,46,46,NA,NA,9,11,NA,4,0.4,0.4
2026-06-14T0600,4105A,118.6355,24.9148,泉州市,霞新路6号,,13,6,17,3,12,40,40,NA,NA,16,15,/,/,0.5,0.5
2026-06-14T0600,2626A,88.8873,29.2723,日喀则市,日喀则监测站,,29,6,10,3,3,91,91,NA,NA,3,4,7,7,0.4,0.3
2026-06-14T0600,3726A,88.8775,29.2425,日喀则市,林业技术推广中心,,29,9,12,3,2,91,91,NA,NA,2,2,8,8,0.3,0.3
2026-06-14T0600,1659A,119.4711,35.421,日照市,监测站,NA,NA,53,54,31,29,NA,NA,NA,NA,35,25,12,12,0.7,0.7
2026-06-14T0600,1660A,119.523,35.4216,日照市,市政府广场,NA,NA,48,55,25,28,NA,NA,NA,NA,35,26,17,15,0.9,0.9
2026-06-14T0600,1661A,119.5511,35.4113,日照市,港务局,NA,NA,51,59,25,34,NA,NA,NA,NA,22,21,8,8,0.7,0.8
2026-06-14T0600,3507A,119.5326,35.4627,日照市,职业技术学院,颗粒物(PM10),51,51,66,30,34,87,87,NA,NA,22,21,10,10,0.7,0.8
2026-06-14T0600,3604A,119.3267,35.1043,日照市,岚山环保分局,,48,48,68,27,27,80,80,NA,NA,28,30,11,15,0.8,1.2
2026-06-14T0600,1835A,111.1922,34.7752,三门峡市,市政府,NA,NA,29,32,18,15,56,56,NA,NA,23,17,NA,10,0.3,0.4
2026-06-14T0600,1836A,111.1588,34.794,三门峡市,开发区,,41,41,34,17,14,58,58,NA,NA,18,14,7,8,0.6,0.6
2026-06-14T0600,3039A,111.1911,34.7829,三门峡市,三门峡市第一小学,,30,30,38,16,15,65,65,NA,NA,12,17,15,11,0.3,0.2
2026-06-14T0600,3598A,111.1031,34.719,三门峡市,富达温泉假日酒店,NA,NA,56,43,24,18,NA,NA,NA,NA,20,19,9,12,0.6,0.6
2026-06-14T0600,2324A,117.621,26.2626,三明市,三钢,NA,NA,17,30,10,22,19,19,NA,NA,13,18,NA,5,0.7,0.9
2026-06-14T0600,2325A,117.6352,26.2714,三明市,三明二中,,21,21,37,12,26,17,17,NA,NA,14,16,3,3,0.8,1.1
2026-06-14T0600,2326A,117.6028,26.2377,三明市,三元区政府,NA,NA,24,32,23,30,11,11,NA,NA,14,17,NA,6,0.9,1.1
2026-06-14T0600,1877A,109.4962,18.2682,三亚市,河西子站,,22,21,20,7,10,68,68,NA,NA,9,6,3,3,0.5,0.5
2026-06-14T0600,3540A,109.7348,18.3443,三亚市,君悦子站,,21,19,16,7,8,65,65,NA,NA,5,5,2,2,0.4,0.4
2026-06-14T0600,4135A,109.1714,18.3739,三亚市,城东小学站,,23,23,26,6,10,54,54,NA,NA,5,5,/,/,/,/
2026-06-14T0600,2624A,91.7592,29.234,山南市,山南监测站,,30,6,9,3,3,93,93,NA,NA,4,3,8,8,0.2,0.2
2026-06-14T0600,2625A,91.7701,29.2436,山南市,山南人民医院,,32,10,13,7,4,102,102,NA,NA,1,2,7,7,0.2,0.1
2026-06-14T0600,1674A,116.6795,23.3666,汕头市,金平子站,,14,9,13,3,6,44,44,NA,NA,9,8,3,3,0.5,0.6
2026-06-14T0600,1675A,116.7248,23.3632,汕头市,龙湖子站,NA,NA,7,13,3,7,NA,NA,NA,NA,4,5,6,6,/,/
2026-06-14T0600,1676A,116.7257,23.2774,汕头市,濠江子站,,13,12,17,3,7,39,39,NA,NA,8,11,8,8,/,/
2026-06-14T0600,1677A,116.7518,23.4712,汕头市,澄海子站,,15,15,16,10,9,29,29,NA,NA,9,7,4,4,0.7,0.6
2026-06-14T0600,1678A,116.6088,23.2539,汕头市,潮阳子站,NA,NA,NA,14,3,9,44,44,NA,NA,4,7,NA,6,0.5,0.6
2026-06-14T0600,3444A,116.4539,23.2684,汕头市,潮南峡山,,15,6,15,3,7,47,47,NA,NA,2,7,8,7,0.8,0.8
2026-06-14T0600,3624A,116.4069,23.2533,汕头市,潮南子站,,16,6,17,3,9,50,50,NA,NA,2,9,5,6,/,/
2026-06-14T0600,1693A,115.3653,22.7751,汕尾市,市环保局,,20,20,25,9,10,47,47,NA,NA,4,9,5,5,0.5,0.5
2026-06-14T0600,1695A,115.362,22.7926,汕尾市,新城中学,,25,25,23,6,10,66,66,NA,NA,4,6,6,6,0.5,0.5
2026-06-14T0600,2645A,109.9155,33.8714,商洛市,监测站,,36,36,25,16,14,42,42,NA,NA,20,14,12,8,0.7,0.6
2026-06-14T0600,3045A,109.9647,33.8486,商洛市,商州区中学,,41,41,28,17,14,61,61,NA,NA,8,12,9,9,0.7,0.8
2026-06-14T0600,2408A,115.6701,34.4283,商丘市,环境监测站,,36,36,32,18,17,78,78,NA,NA,10,7,5,4,0.4,0.4
2026-06-14T0600,2409A,115.6458,34.4047,商丘市,粮食局,,32,23,26,22,17,74,74,NA,NA,9,5,7,6,0.4,0.3
2026-06-14T0600,3171A,115.6069,34.4465,商丘市,梁园区档案局,,32,32,30,14,16,74,74,NA,NA,14,10,3,2,0.2,0.2
2026-06-14T0600,4119A,115.6701,34.3767,商丘市,北海东路185号,,48,48,29,16,17,65,65,NA,NA,19,13,4,4,0.4,0.3
2026-06-14T0600,4120A,115.6172,34.3704,商丘市,中山大街3号,NA,NA,55,35,18,17,60,60,NA,NA,19,10,NA,7,0.4,0.4
2026-06-14T0600,1141A,121.401,31.2382,上海市,普陀,,37,NA,18,3,14,116,116,NA,NA,10,14,5,5,0.1,0.2
2026-06-14T0600,1142A,121.4774,31.2043,上海市,十五厂,,37,NA,22,7,15,118,118,NA,NA,3,9,7,7,0.5,0.5
2026-06-14T0600,1143A,121.4673,31.3011,上海市,虹口,,35,NA,21,3,14,110,110,NA,NA,1,8,3,4,0.6,0.6
2026-06-14T0600,1147A,121.4253,31.226,上海市,静安监测站,,35,NA,18,3,12,111,111,NA,NA,9,13,8,8,0.5,0.5
2026-06-14T0600,1148A,121.7029,31.1905,上海市,浦东川沙,NA,NA,11,20,11,14,116,116,NA,NA,14,8,NA,7,0.8,0.8
2026-06-14T0600,1149A,121.5339,31.229,上海市,浦东新区监测站,,35,6,20,3,13,110,110,NA,NA,4,7,6,7,0.3,0.4
2026-06-14T0600,1150A,121.5776,31.2038,上海市,浦东张江,,40,NA,18,6,14,128,128,NA,NA,3,6,6,6,0.1,0.2
2026-06-14T0600,3265A,121.4242,31.3303,上海市,宝山庙行,NA,NA,NA,21,3,14,115,115,NA,NA,2,8,NA,10,0.3,0.3
2026-06-14T0600,3266A,121.8789,31.4662,上海市,崇明上实东滩,,42,6,20,3,14,134,134,NA,NA,6,11,11,9,0.2,0.3
2026-06-14T0600,3268A,121.316,31.2839,上海市,嘉定南翔,,33,6,18,3,14,105,105,NA,NA,9,15,5,5,0.3,0.3
2026-06-14T0600,3269A,121.3357,30.7455,上海市,金山新城,,35,NA,15,3,12,111,111,NA,NA,3,5,4,4,0.6,0.6
2026-06-14T0600,3270A,121.4996,31.0741,上海市,闵行浦江,,34,7,20,7,14,108,108,NA,NA,6,9,6,6,0.2,0.2
2026-06-14T0600,3271A,121.2886,31.1663,上海市,青浦徐泾,,33,6,23,6,15,103,103,NA,NA,2,8,6,6,0.3,0.3
2026-06-14T0600,3272A,121.2193,31.0382,上海市,松江图书馆,,35,6,27,6,19,111,111,NA,NA,7,11,8,8,0.4,0.2
2026-06-14T0600,3273A,121.3904,31.206,上海市,长宁仙霞,,36,NA,19,3,14,113,113,NA,NA,5,11,6,6,0.2,0.2
2026-06-14T0600,3274A,121.7964,31.0507,上海市,浦东惠南,,43,NA,19,6,13,137,137,NA,NA,6,10,9,8,0.4,0.7
2026-06-14T0600,3544A,121.4891,30.925,上海市,奉贤南桥新城,,39,NA,18,3,12,122,122,NA,NA,2,6,7,7,0.4,0.4
2026-06-14T0600,4183A,121.417401,31.16637,上海市,冠生园路458号,NA,NA,NA,19,7,14,NA,NA,NA,NA,8,12,6,6,0.6,0.6
2026-06-14T0600,4205A,121.541914,31.268301,上海市,宁武路151号,,34,8,29,7,16,108,108,NA,NA,11,16,6,7,0.2,0.2
2026-06-14T0600,2382A,117.9758,28.4439,上饶市,市监测站,,18,13,27,12,15,34,34,NA,NA,14,15,11,9,/,/
2026-06-14T0600,2383A,117.9521,28.4637,上饶市,凤凰光学,,16,16,18,11,11,28,28,NA,NA,19,14,16,10,0.5,0.5
2026-06-14T0600,3685A,117.897,28.4316,上饶市,双创科技城,,15,15,17,10,12,28,28,NA,NA,20,17,15,8,0.4,0.4
2026-06-14T0600,4211A,118.190438,28.444845,上饶市,裕丰大道,NA,NA,NA,19,12,14,25,25,NA,NA,15,13,NA,7,0.6,0.5
2026-06-14T0600,1669A,113.5821,24.7733,韶关市,市八中,,30,30,22,17,15,30,30,NA,NA,19,17,68,35,0.7,0.7
2026-06-14T0600,1671A,113.5916,24.7973,韶关市,园林处,,21,21,18,13,12,37,37,NA,NA,20,18,55,24,/,/
2026-06-14T0600,1673A,113.5971,24.6864,韶关市,曲江监测站,,26,25,17,18,12,31,31,NA,NA,15,14,8,13,0.5,0.7
2026-06-14T0600,2809A,113.6668,24.7756,韶关市,大学路288号,NA,NA,35,23,22,16,NA,NA,NA,NA,18,13,17,16,/,/
2026-06-14T0600,3622A,113.5556,24.8082,韶关市,碧湖山庄,,29,29,18,14,11,22,22,NA,NA,18,14,3,3,0.6,0.7
2026-06-14T0600,2464A,111.5277,27.2442,邵阳市,市化工厂,NA,NA,NA,14,13,15,38,38,NA,NA,4,6,NA,8,0.3,0.5
2026-06-14T0600,2466A,111.4327,27.2276,邵阳市,市环保局,,18,NA,11,12,16,38,38,NA,NA,2,7,4,3,0.5,0.7
2026-06-14T0600,4218A,111.446,27.2472,邵阳市,北塔二期4-26地块,,10,9,16,3,10,31,31,NA,NA,4,8,4,4,0.3,0.4
2026-06-14T0600,4219A,111.4739,27.2282,邵阳市,邵水西路287号,,18,NA,17,12,15,37,37,NA,NA,3,6,4,4,0.2,0.4
2026-06-14T0600,1247A,120.6053,29.9927,绍兴市,城东开发委,,20,13,19,10,12,63,63,NA,NA,11,13,8,8,0.3,0.3
2026-06-14T0600,2921A,120.5482,30.0003,绍兴市,树下王站,,22,NA,21,12,16,69,69,NA,NA,8,11,8,8,0.3,0.3
2026-06-14T0600,3408A,120.5685,29.936,绍兴市,绍兴中专,,18,18,20,11,11,51,51,NA,NA,12,13,6,5,0.5,0.4
2026-06-14T0600,3409A,120.4905,30.086,绍兴市,柯桥区政府,,22,13,22,12,17,68,68,NA,NA,7,12,5,5,0.4,0.4
2026-06-14T0600,3410A,120.8751,30.0249,绍兴市,重华小学,,22,7,20,6,14,70,70,NA,NA,10,12,8,8,0.5,0.4
2026-06-14T0600,3411A,120.837,30.0137,绍兴市,上虞中学,NA,NA,8,21,6,15,73,73,NA,NA,3,10,NA,6,0.4,0.4
2026-06-14T0600,3560A,120.4715,30.0414,绍兴市,柯桥妇保,,25,10,24,6,15,79,79,NA,NA,8,16,5,5,0.4,0.4
2026-06-14T0600,3658A,120.6156,30.0762,绍兴市,袍江中学,,21,10,18,10,14,67,67,NA,NA,8,11,6,7,0.4,0.3
2026-06-14T0600,1356A,114.0948,22.5506,深圳市,通心岭子站,,18,18,13,8,6,53,53,NA,NA,5,13,2,2,0.5,0.6
2026-06-14T0600,1357A,114.1153,22.5713,深圳市,洪湖,,18,18,14,8,8,51,51,NA,NA,3,13,5,5,0.3,0.3
2026-06-14T0600,1358A,113.9823,22.5398,深圳市,华侨城,,25,25,16,7,5,62,62,NA,NA,3,9,/,/,/,/
2026-06-14T0600,1359A,113.9181,22.517,深圳市,南海子站,,18,13,13,7,7,57,57,NA,NA,2,14,4,5,0.7,0.7
2026-06-14T0600,1360A,114.2345,22.565,深圳市,盐田,,21,21,17,6,5,34,34,NA,NA,5,24,5,6,0.2,0.3
2026-06-14T0600,1363A,114.4911,22.5381,深圳市,南澳,,22,22,13,7,3,52,52,NA,NA,5,6,/,/,/,/
2026-06-14T0600,1364A,114.41,22.6346,深圳市,葵涌,,16,16,12,7,6,29,29,NA,NA,12,10,7,6,0.6,0.6
2026-06-14T0600,1365A,114.2967,22.5978,深圳市,梅沙,,29,29,16,7,4,12,12,NA,NA,17,14,/,/,/,/
2026-06-14T0600,1366A,114.0563,22.7353,深圳市,观澜,,19,19,16,3,5,55,55,NA,NA,6,17,11,6,0.3,0.4
2026-06-14T0600,3305A,114.0614,22.556,深圳市,莲花,,21,21,15,9,7,47,47,NA,NA,4,10,/,/,/,/
2026-06-14T0600,3306A,114.0144,22.6163,深圳市,民治,,24,24,12,9,5,52,52,NA,NA,4,11,/,/,/,/
2026-06-14T0600,3307A,114.1756,22.6421,深圳市,横岗,NA,NA,20,12,8,7,NA,NA,NA,NA,10,17,/,/,/,/
2026-06-14T0600,3447A,114.344,22.7115,深圳市,坪山,,14,14,11,6,6,34,34,NA,NA,7,10,6,6,0.5,0.6
2026-06-14T0600,3623A,113.8952,22.586,深圳市,西乡,,22,22,17,3,5,67,67,NA,NA,4,14,5,6,0.7,0.8
2026-06-14T0600,4220A,114.214113,22.713717,深圳市,黄阁路,,19,19,15,3,6,40,40,NA,NA,12,18,6,6,0,0.1
2026-06-14T0600,1099A,123.5058,41.7084,沈阳市,浑南东路,NA,NA,29,27,23,22,0,0,NA,NA,112,45,NA,8,0.7,0.6
2026-06-14T0600,1100A,123.4238,41.6992,沈阳市,新秀街,,45,33,39,17,22,3,3,NA,NA,90,38,6,6,0.5,0.6
2026-06-14T0600,1102A,123.5903,41.8412,沈阳市,东陵路,NA,NA,38,35,30,18,34,34,NA,NA,42,18,NA,6,0.9,0.8
2026-06-14T0600,1103A,123.4267,41.8466,沈阳市,陵东街,,32,29,33,22,25,2,2,NA,NA,31,23,7,7,0.9,0.8
2026-06-14T0600,1104A,123.4116,41.7654,沈阳市,文化路,NA,NA,36,37,20,22,42,42,NA,NA,62,26,NA,6,0.8,0.8
2026-06-14T0600,1105A,123.4673,41.787,沈阳市,小河沿,NA,NA,47,52,24,24,11,11,NA,NA,61,22,NA,4,0.8,0.7
2026-06-14T0600,1106A,123.4019,41.7978,沈阳市,太原街,NA,NA,37,43,20,24,56,56,NA,NA,36,16,NA,4,0.6,0.6
2026-06-14T0600,1108A,123.3778,41.9233,沈阳市,京沈街,NA,NA,41,41,25,25,48,48,NA,NA,41,23,NA,7,0.9,0.8
2026-06-14T0600,2897A,123.2429,41.7341,沈阳市,沈辽西路,,32,32,37,17,26,54,54,NA,NA,32,22,25,12,0.7,0.8
2026-06-14T0600,2900A,123.5951,41.9085,沈阳市,裕农路,NA,NA,30,32,23,21,64,64,NA,NA,24,16,NA,8,0.8,0.7
2026-06-14T0600,2429A,110.78,32.6494,十堰市,滨河新村,,32,32,22,20,12,17,17,NA,NA,24,12,/,/,0.6,0.6
2026-06-14T0600,2430A,110.7305,32.6408,十堰市,刘家沟,,30,30,21,18,9,22,22,NA,NA,8,8,/,/,/,/
2026-06-14T0600,2431A,110.8843,32.5712,十堰市,铁二处,,23,NA,22,16,13,22,22,NA,NA,5,8,8,8,0.6,0.6
2026-06-14T0600,3545A,110.8053,32.8401,十堰市,郧阳区金沙路,,21,21,18,10,9,47,47,NA,NA,11,13,8,8,0.6,0.6
2026-06-14T0600,2709A,86.0391,44.298,石河子市,艾青诗歌馆,,22,17,23,3,4,68,68,NA,NA,14,9,6,6,0.2,0.2
2026-06-14T0600,3442A,86.047,44.2331,石河子市,南区管委会,,27,13,24,3,4,85,85,NA,NA,4,3,4,5,0.2,0.2
2026-06-14T0600,4051A,86.0791,44.3018,石河子市,世纪广场,,22,20,21,10,4,68,68,NA,NA,11,5,6,5,0.3,0.3
2026-06-14T0600,4167A,86.0126,44.2349,石河子市,城南景苑小区,,27,12,21,6,6,86,86,NA,NA,5,7,4,5,0.2,0.3
2026-06-14T0600,1030A,114.5919,38.0328,石家庄市,高新区,,44,44,40,26,25,57,57,NA,NA,14,14,7,8,0.5,0.6
2026-06-14T0600,1032A,114.4556,38.0136,石家庄市,西南高教,NA,NA,27,32,18,22,NA,NA,NA,NA,8,8,3,3,0.3,0.4
2026-06-14T0600,1033A,114.533,38.0177,石家庄市,世纪公园,NA,NA,NA,32,NA,23,NA,NA,NA,NA,NA,12,NA,3,NA,0.6
2026-06-14T0600,1034A,114.5105,38.0489,石家庄市,人民会堂,,30,30,35,16,24,66,66,NA,NA,6,9,3,3,0.3,0.4
2026-06-14T0600,3456A,114.2887,38.0905,石家庄市,鹿泉一中,,41,41,38,28,19,58,58,NA,NA,11,9,3,3,0.3,0.5
2026-06-14T0600,4024A,114.6491,37.9014,石家庄市,栾城区星河路,,39,39,39,21,21,48,48,NA,NA,19,16,1,4,0.3,0.4
2026-06-14T0600,4059A,114.4563,38.0365,石家庄市,裕华西路63号,,33,33,34,12,20,49,49,NA,NA,11,10,3,3,0.4,0.5
2026-06-14T0600,4060A,114.5586,38.0581,石家庄市,和平路363号,,50,50,42,27,25,57,57,NA,NA,12,12,3,3,0.5,0.5
2026-06-14T0600,4061A,114.8347,38.0213,石家庄市,廉州西路160号,,41,41,42,23,26,67,67,NA,NA,8,11,3,4,0.5,0.6
2026-06-14T0600,4062A,114.4498,38.0729,石家庄市,北城路41号,NA,NA,38,37,14,17,42,42,NA,NA,14,10,NA,3,0.4,0.5
2026-06-14T0600,4314A,114.0494,38.059,石家庄市,矿区区委大楼,NA,NA,32,29,12,10,NA,NA,NA,NA,31,14,7,8,0.4,0.4
2026-06-14T0600,1948A,106.3668,39.0145,石嘴山市,大武口朝阳西街,颗粒物(PM10),58,61,40,26,14,46,46,NA,NA,22,18,40,15,0.8,0.6
2026-06-14T0600,1949A,106.7713,39.2278,石嘴山市,惠农南大街,,30,30,38,11,12,56,56,NA,NA,21,23,17,20,0.6,0.7
2026-06-14T0600,1950A,106.7074,39.1332,石嘴山市,红果子镇惠新街,细颗粒物(PM2.5),54,40,44,37,16,30,30,NA,NA,39,27,16,16,1.2,0.8
2026-06-14T0600,3520A,106.3495,38.9837,石嘴山市,妇女儿童医院,细颗粒物(PM2.5),84,79,40,52,21,52,52,NA,NA,29,16,44,17,1.4,0.7
2026-06-14T0600,3521A,106.7495,39.2068,石嘴山市,石大公路,,26,26,41,10,14,47,47,NA,NA,25,27,8,13,0.4,0.6
2026-06-14T0600,2248A,131.1509,46.6936,双鸭山市,双合村,颗粒物(PM10),57,59,39,20,14,24,24,NA,NA,19,15,20,14,1.1,0.8
2026-06-14T0600,2249A,131.1651,46.6191,双鸭山市,南小市,,36,36,15,10,6,21,21,NA,NA,16,9,8,5,0.6,0.2
2026-06-14T0600,2250A,131.1526,46.6554,双鸭山市,环保局,,34,34,32,10,11,12,12,NA,NA,27,15,9,7,0.5,0.4
2026-06-14T0600,2166A,112.4399,39.3521,朔州市,平朔,颗粒物(PM10),63,67,34,16,9,8,8,NA,NA,52,15,7,5,0.1,0
2026-06-14T0600,2167A,112.4574,39.362,朔州市,朔唯,颗粒物(PM10),55,57,46,12,14,26,26,NA,NA,51,19,8,5,/,/
2026-06-14T0600,2168A,112.426,39.3199,朔州市,区政府,,35,35,25,8,12,17,17,NA,NA,45,10,5,5,0.3,0.2
2026-06-14T0600,2169A,112.4075,39.3277,朔州市,市环保局,NA,NA,44,32,11,9,NA,NA,NA,NA,26,11,4,4,/,/
2026-06-14T0600,2170A,112.4273,39.3682,朔州市,市二中,颗粒物(PM10),73,82,42,41,11,5,5,NA,NA,65,17,3,4,/,/
2026-06-14T0600,3571A,112.2938,39.5296,朔州市,一水厂,颗粒物(PM10),68,75,40,11,9,8,8,NA,NA,50,13,3,4,0.5,0.4
2026-06-14T0600,2226A,124.3744,43.1842,四平市,境园,,36,32,28,25,23,63,63,NA,NA,15,19,4,4,0.3,0.4
2026-06-14T0600,3486A,124.4029,43.1411,四平市,植物园,,38,27,24,26,24,78,78,NA,NA,17,26,4,5,0.3,0.3
2026-06-14T0600,3713A,124.3286,43.1726,四平市,世纪城,,45,NA,28,31,25,55,55,NA,NA,18,19,3,5,0.4,0.4
2026-06-14T0600,2233A,124.8007,45.1213,松原市,江南,,22,NA,19,15,15,69,69,NA,NA,6,13,1,1,0.3,0.3
2026-06-14T0600,2234A,124.7967,45.1721,松原市,江北,NA,NA,NA,20,14,13,64,64,NA,NA,8,16,1,2,NA,0.3
2026-06-14T0600,1163A,120.5974,31.3247,苏州市,轧钢厂,,24,7,24,3,14,76,76,NA,NA,17,22,5,7,0.5,0.5
2026-06-14T0600,1164A,120.6329,31.2741,苏州市,吴中区,,24,6,30,3,15,75,75,NA,NA,17,19,6,7,0.5,0.5
2026-06-14T0600,1165A,120.5566,31.3049,苏州市,苏州新区,,26,10,26,8,17,82,82,NA,NA,15,19,6,6,0.5,0.4
2026-06-14T0600,1166A,120.668709,31.312523,苏州市,苏州工业园区,,31,6,24,3,13,97,97,NA,NA,8,16,9,9,0.7,0.7
2026-06-14T0600,1167A,120.6408,31.3707,苏州市,相城区,NA,NA,6,25,3,14,87,87,NA,NA,12,17,NA,13,0.3,0.3
2026-06-14T0600,3289A,120.7431,31.3188,苏州市,方洲路,,30,6,21,3,13,93,93,NA,NA,7,15,7,8,0.5,0.5
2026-06-14T0600,3290A,120.4979,31.2777,苏州市,木渎中学,,24,6,25,3,15,75,75,NA,NA,9,18,6,7,0.6,0.6
2026-06-14T0600,3425A,120.642,31.1733,苏州市,越秀幼儿园,,26,6,29,3,15,81,81,NA,NA,7,16,5,7,0.6,0.6
2026-06-14T0600,3431A,120.6502,31.4117,苏州市,高铁新城,,22,6,25,3,16,70,70,NA,NA,23,27,4,5,0.5,0.5
2026-06-14T0600,4090A,120.4282,31.3228,苏州市,学森路9号,,24,13,28,3,15,74,74,NA,NA,11,16,6,7,0.5,0.5
2026-06-14T0600,1220A,118.2924,33.933,宿迁市,宿迁学院,,40,40,44,28,25,67,67,NA,NA,11,14,9,8,0.1,0.2
2026-06-14T0600,1221A,118.2321,33.9572,宿迁市,宿迁中学,,42,42,43,28,22,81,81,NA,NA,14,13,7,7,0.2,0.2
2026-06-14T0600,2996A,118.2781,33.9658,宿迁市,市供电局,,40,29,43,28,22,66,66,NA,NA,22,13,5,6,0.6,0.6
2026-06-14T0600,3191A,118.3243,33.95,宿迁市,宿豫区政府,颗粒物(PM10),51,51,51,28,25,56,56,NA,NA,30,19,6,8,0.6,0.7
2026-06-14T0600,4094A,118.352,33.7886,宿迁市,春华路,,50,50,42,31,23,73,73,NA,NA,18,13,8,8,0.8,0.7
2026-06-14T0600,3187A,116.9508,33.666,宿州市,远航博物馆,,38,31,35,26,18,101,101,NA,NA,3,3,6,6,0.4,0.3
2026-06-14T0600,3463A,116.9708,33.5911,宿州市,社会福利中心,细颗粒物(PM2.5),68,53,39,44,20,54,54,NA,NA,21,13,14,8,0.4,0.5
2026-06-14T0600,3701A,116.9647,33.6252,宿州市,皖北煤电集团,细颗粒物(PM2.5),86,NA,42,53,25,87,87,NA,NA,16,14,9,8,0.5,0.4
2026-06-14T0600,4103A,116.9929,33.6412,宿州市,中兴路,细颗粒物(PM2.5),102,93,41,62,21,90,90,NA,NA,12,11,11,8,0.4,0.3
2026-06-14T0600,2266A,126.9783,46.6365,绥化市,人和东街,,26,26,31,3,3,31,31,NA,NA,20,13,9,8,0.4,0.3
2026-06-14T0600,2267A,126.964,46.6527,绥化市,党政办公中心,,17,17,12,7,4,27,27,NA,NA,17,12,9,8,0.3,0.2
2026-06-14T0600,2451A,113.3587,31.7275,随州市,市委党校,颗粒物(PM10),52,52,32,32,22,67,67,NA,NA,8,8,8,8,0.6,0.6
2026-06-14T0600,2452A,113.3745,31.6926,随州市,市林业局,,37,37,26,19,16,75,75,NA,NA,6,7,3,3,0.6,0.5
2026-06-14T0600,2453A,113.3984,31.7309,随州市,市立交桥水厂,"颗粒物(PM10),细颗粒物(PM2.5)",60,63,38,40,24,56,56,NA,NA,9,7,4,4,0.7,0.6
2026-06-14T0600,2528A,105.5581,30.5231,遂宁市,市监测站,,48,48,36,28,20,83,83,NA,NA,17,15,14,15,0.9,0.8
2026-06-14T0600,2530A,105.5917,30.4727,遂宁市,美宁食品公司,,42,42,30,19,23,70,70,NA,NA,25,17,10,11,0.8,0.7
2026-06-14T0600,4303A,105.5911,30.5368,遂宁市,环岛商务中心9号楼,,42,41,31,29,19,90,90,NA,NA,11,9,9,18,0.7,0.6
2026-06-14T0600,2706A,82.9993,46.7432,塔城地区,东门外小游园,,32,32,30,8,8,47,47,NA,NA,6,7,4,3,0.4,0.3
2026-06-14T0600,4165A,82.9716,46.7464,塔城地区,文化广场,,19,19,17,9,8,53,53,NA,NA,4,4,4,3,0.4,0.4
2026-06-14T0600,1255A,121.2727,28.6461,台州市,黄岩环保大楼,,21,6,15,3,10,66,66,NA,NA,8,14,/,/,/,/
2026-06-14T0600,1256A,121.4188,28.6545,台州市,台州环保大楼,,25,9,15,6,10,79,79,NA,NA,9,10,/,/,0.5,0.5
2026-06-14T0600,1257A,121.3768,28.5772,台州市,路桥田洋王,,21,11,17,6,9,66,66,NA,NA,9,12,4,4,0.3,0.3
2026-06-14T0600,3564A,121.25678,28.66823971,台州市,台州科技职业学院,,21,6,16,3,9,65,65,NA,NA,10,19,4,4,0.3,0.3
2026-06-14T0600,1081A,112.5138,37.8916,太原市,尖草坪,,22,22,44,13,24,60,60,NA,NA,15,17,4,8,0.5,0.7
2026-06-14T0600,1084A,112.4691,37.7125,太原市,晋源,,38,38,44,20,27,38,38,NA,NA,30,18,4,10,0.4,0.6
2026-06-14T0600,1085A,112.5595,37.7391,太原市,小店,颗粒物(PM10),65,70,42,26,24,38,38,NA,NA,54,21,6,11,0.6,0.6
2026-06-14T0600,1087A,112.5705,37.8199,太原市,坞城,,38,37,36,26,31,60,60,NA,NA,33,18,14,14,0.9,0.7
2026-06-14T0600,1088A,112.5495,37.9853,太原市,南寨,,40,40,44,24,25,19,19,NA,NA,11,19,9,13,0.6,0.8
2026-06-14T0600,3618A,112.4702,37.7821,太原市,金胜,,18,11,37,7,23,56,56,NA,NA,14,14,5,10,0.3,0.5
2026-06-14T0600,4010A,112.5608,37.8807,太原市,育英中学,NA,NA,49,43,33,30,NA,NA,NA,NA,22,17,8,10,0.7,0.7
2026-06-14T0600,4074A,112.449,37.8509,太原市,西矿街336号,,28,28,44,10,23,51,51,NA,NA,24,16,6,8,0.4,0.5
2026-06-14T0600,4075A,112.4792,37.9393,太原市,迎宾北路9号,,29,29,35,15,24,40,40,NA,NA,28,19,6,9,0.5,0.6
2026-06-14T0600,4076A,112.551,37.8575,太原市,迎泽大街248号,,39,39,52,18,28,67,67,NA,NA,26,18,11,10,0.9,0.8
2026-06-14T0600,1656A,117.1436,36.1938,泰安市,监测站,颗粒物(PM10),60,63,54,36,24,82,82,NA,NA,16,10,12,9,0.3,0.2
2026-06-14T0600,1657A,117.0905,36.2002,泰安市,人口学校,颗粒物(PM10),51,51,55,34,23,92,92,NA,NA,17,14,10,8,0.4,0.4
2026-06-14T0600,1658A,117.0992,36.1757,泰安市,电力学校,细颗粒物(PM2.5),70,61,55,45,25,78,78,NA,NA,22,15,10,8,0.4,0.3
2026-06-14T0600,3502A,117.1812,36.2273,泰安市,国网新校,细颗粒物(PM2.5),60,44,49,40,26,84,84,NA,NA,17,12,10,9,0.6,0.6
2026-06-14T0600,3503A,117.0315,36.2017,泰安市,交通技校,颗粒物(PM10),51,51,42,35,23,88,88,NA,NA,16,11,6,4,0.3,0.2
2026-06-14T0600,3504A,117.083,36.13,泰安市,山东第一医科大学,细颗粒物(PM2.5),62,53,49,41,33,71,71,NA,NA,22,16,8,6,0.1,0.1
2026-06-14T0600,1206A,119.9042,32.488,泰州市,公园路,,27,NA,29,11,19,84,84,NA,NA,4,12,7,9,0.6,0.7
2026-06-14T0600,1207A,119.9189,32.4626,泰州市,莲花,,26,NA,28,12,17,81,81,NA,NA,3,14,9,10,0.6,0.7
2026-06-14T0600,1209A,119.8877,32.4636,泰州市,留学生创业园,,28,20,38,19,25,86,86,NA,NA,4,14,8,11,0.7,0.7
2026-06-14T0600,2997A,119.8767,32.3291,泰州市,王营,,43,NA,28,30,22,69,69,NA,NA,9,17,8,11,0.5,0.5
2026-06-14T0600,3295A,120.1226,32.515,泰州市,姜堰区政府广场,,33,10,36,9,24,105,105,NA,NA,6,14,11,13,0.5,0.7
2026-06-14T0600,3435A,119.9186,32.4322,泰州市,周山河街区,,36,NA,25,25,22,69,69,NA,NA,6,14,8,11,0.5,0.6
2026-06-14T0600,1040A,118.1707,39.6505,唐山市,十二中,,35,29,52,21,33,109,109,NA,NA,7,16,4,5,0.4,0.6
2026-06-14T0600,1041A,118.1868,39.6219,唐山市,小山,,34,29,43,21,35,106,106,NA,NA,6,7,3,7,0.4,0.6
2026-06-14T0600,3457A,118.4357,39.277,唐山市,冀东油田职工医院,,45,18,47,10,34,144,144,NA,NA,8,13,3,3,0.2,0.3
2026-06-14T0600,3575A,118.0927,39.5807,唐山市,正泰大街热力站,,32,26,51,14,29,101,101,NA,NA,2,7,5,7,0.3,0.6
2026-06-14T0600,3576A,118.1561,39.8322,唐山市,丰润区政府,,35,22,43,9,25,109,109,NA,NA,11,16,3,4,0.6,0.8
2026-06-14T0600,3577A,118.436906,39.73802,唐山市,金山小学,,26,22,45,18,33,83,83,NA,NA,11,14,17,5,0.7,0.9
2026-06-14T0600,3578A,118.2449,39.6693,唐山市,政府服务中心,,33,25,51,13,29,103,103,NA,NA,8,11,13,12,0.6,0.7
2026-06-14T0600,3692A,118.2043,39.6703,唐山市,消防缸窑路中队,,35,NA,49,20,30,112,112,NA,NA,8,12,8,10,0.5,0.6
2026-06-14T0600,3693A,118.1432,39.6203,唐山市,路南电大,,36,NA,45,25,37,106,106,NA,NA,7,12,4,5,0.3,0.6
2026-06-14T0600,4065A,118.1267,39.6579,唐山市,光明北路515号,,39,20,43,3,27,123,123,NA,NA,5,12,10,10,0.5,0.8
2026-06-14T0600,4197A,118.130859,39.636026,唐山市,友谊北路34号,,38,28,56,19,37,121,121,NA,NA,8,15,6,8,0.3,0.5
2026-06-14T0600,1015A,117.1446,39.1659,天津市,勤俭道,,48,47,57,33,32,70,70,NA,NA,16,17,6,7,0.7,0.7
2026-06-14T0600,1018A,117.2016,39.0928,天津市,前进道,,48,48,55,28,27,97,97,NA,NA,9,16,5,6,0.5,0.5
2026-06-14T0600,1019A,117.1837,39.2134,天津市,淮河道,颗粒物(PM10),53,53,64,36,32,71,71,NA,NA,12,15,7,8,0.5,0.6
2026-06-14T0600,1021A,117.308261,39.088386,天津市,跃进路,,46,46,63,24,31,94,94,NA,NA,5,15,5,7,0.4,0.5
2026-06-14T0600,1023A,117.707,39.0344,天津市,第四大街,,27,17,69,3,33,85,85,NA,NA,21,35,8,4,0.6,0.8
2026-06-14T0600,1024A,117.4573,38.8395,天津市,永明路,,45,45,54,27,29,84,84,NA,NA,17,14,6,6,0.3,0.4
2026-06-14T0600,1026A,117.7641,39.1588,天津市,汉北路,NA,NA,21,67,9,24,102,102,NA,NA,4,14,NA,6,0.6,0.7
2026-06-14T0600,2858A,117.7917,39.2473,天津市,河西一经路,,33,28,53,16,33,103,103,NA,NA,19,15,8,8,0.8,0.9
2026-06-14T0600,2859A,117.3747,38.9845,天津市,津沽路,细颗粒物(PM2.5),64,58,59,42,29,92,92,NA,NA,16,19,4,5,0.5,0.6
2026-06-14T0600,2860A,117.159,39.0844,天津市,宾水西道,颗粒物(PM10),52,52,54,30,28,95,95,NA,NA,4,9,5,6,0.6,0.7
2026-06-14T0600,2922A,117.194,39.1069,天津市,大理道,颗粒物(PM10),52,52,51,34,26,100,100,NA,NA,2,8,2,3,0.6,0.6
2026-06-14T0600,3020A,117.2096,39.1698,天津市,中山北路,,46,46,58,26,28,84,84,NA,NA,14,19,8,9,0.7,0.7
2026-06-14T0600,3051A,117.385,39.1483,天津市,西四道,,32,26,55,14,29,102,102,NA,NA,10,21,4,5,0.8,0.8
2026-06-14T0600,3325A,117.0362,39.3827,天津市,雍阳西道,颗粒物(PM10),53,54,51,30,26,55,55,NA,NA,9,13,5,6,0.6,0.6
2026-06-14T0600,3326A,117.0291,39.0612,天津市,辛老路,颗粒物(PM10),53,54,66,35,31,64,64,NA,NA,18,18,3,4,0.6,0.7
2026-06-14T0600,3327A,116.9638,38.9374,天津市,地纬路,细颗粒物(PM2.5),64,56,56,42,30,61,61,NA,NA,15,14,4,5,0.4,0.4
2026-06-14T0600,3460A,117.4065,40.0583,天津市,北环路,,27,27,47,16,31,70,70,NA,NA,2,6,6,7,0.9,1
2026-06-14T0600,3461A,117.3041,39.7167,天津市,建设路,,40,40,59,27,36,57,57,NA,NA,22,12,10,11,0.9,0.8
2026-06-14T0600,3462A,117.8201,39.3519,天津市,滨水东路,,29,29,57,17,39,81,81,NA,NA,26,21,4,5,0.4,0.4
2026-06-14T0600,4196A,117.24369,39.102911,天津市,光华路,,46,46,55,31,30,82,82,NA,NA,9,15,6,6,0.4,0.5
2026-06-14T0600,2650A,105.72058,34.57859,天水市,公园小学,,44,44,41,20,21,35,35,NA,NA,21,15,11,9,0.3,0.3
2026-06-14T0600,2651A,105.89428,34.55353,天水市,麦积国土局,,32,32,36,18,17,48,48,NA,NA,12,12,17,13,0.3,0.4
2026-06-14T0600,2217A,123.865,42.292,铁岭市,水上乐园,,30,30,39,16,25,50,50,NA,NA,25,29,8,9,0.3,0.4
2026-06-14T0600,2219A,123.7158,42.2218,铁岭市,金沙江路北,,33,25,36,23,29,8,8,NA,NA,52,23,5,9,0.5,0.5
2026-06-14T0600,4084A,123.835,42.2853,铁岭市,新华街20号,,29,29,47,17,27,49,49,NA,NA,22,25,9,9,0.3,0.4
2026-06-14T0600,2229A,125.9359,41.7174,通化市,光明,,40,38,41,28,21,7,7,NA,NA,20,22,12,10,0.9,0.8
2026-06-14T0600,2230A,125.9446,41.7323,通化市,铁路,,40,30,34,28,19,12,12,NA,NA,14,15,14,10,0.7,0.8
2026-06-14T0600,2191A,122.253,43.6801,通辽市,艺术职业学校,,42,42,53,19,20,122,122,NA,NA,7,13,9,10,0.4,0.5
2026-06-14T0600,3706A,122.2584,43.6333,通辽市,老干部活动中心,,35,27,40,19,22,111,111,NA,NA,11,12,6,7,0.4,0.4
2026-06-14T0600,3708A,122.2923,43.6189,通辽市,东方明珠社区,,33,33,44,12,18,104,104,NA,NA,9,14,10,11,0.5,0.4
2026-06-14T0600,1923A,109.0696,35.0699,铜川市,王益区政府,,31,31,37,18,19,44,44,NA,NA,10,13,6,7,0.5,0.6
2026-06-14T0600,1924A,108.9345,34.9059,铜川市,新区管委会,,33,29,38,16,19,105,105,NA,NA,11,13,6,5,0.4,0.4
2026-06-14T0600,4234A,108.949652,34.870529,铜川市,大唐三路,,34,34,47,17,17,107,107,NA,NA,9,11,10,6,0.6,0.5
2026-06-14T0600,2285A,117.8176,30.9412,铜陵市,市第四中学,,43,NA,23,30,12,17,17,NA,NA,28,9,7,6,0.6,0.4
2026-06-14T0600,2287A,117.7806,30.9413,铜陵市,市新民污水厂,,33,33,24,20,13,15,15,NA,NA,33,14,8,8,0.8,0.6
2026-06-14T0600,2289A,117.846,30.9414,铜陵市,车站新区,,45,NA,21,31,13,13,13,NA,NA,16,11,9,9,0.5,0.4
2026-06-14T0600,2290A,117.8472,30.9699,铜陵市,市职教基地,,26,21,22,18,12,15,15,NA,NA,15,9,8,8,0.5,0.5
2026-06-14T0600,2585A,109.1839,27.7344,铜仁市,铜仁卫校,,36,36,24,14,6,15,15,NA,NA,7,8,2,2,0.4,0.4
2026-06-14T0600,2586A,109.1752,27.6945,铜仁市,铜仁七中,,17,17,13,11,8,24,24,NA,NA,4,6,2,2,0.3,0.4
2026-06-14T0600,2686A,89.1905,42.9419,吐鲁番市,市环保局,颗粒物(PM10),108,140,112,50,32,79,79,NA,NA,6,9,4,4,0.5,0.5
2026-06-14T0600,2687A,89.1674,42.9558,吐鲁番市,地区环保局,颗粒物(PM10),78,89,99,30,28,72,72,NA,NA,8,11,7,6,0.5,0.5
2026-06-14T0600,1662A,122.121,37.4231,威海市,华夏技校,细颗粒物(PM2.5),58,44,37,39,27,161,161,NA,NA,13,13,/,/,0.4,0.3
2026-06-14T0600,1663A,122.0508,37.5236,威海市,山大分校,臭氧1小时(O3_1h),85,56,41,46,30,188,188,NA,NA,13,14,/,/,/,/
2026-06-14T0600,1664A,122.1067,37.5067,威海市,市监测站,臭氧1小时(O3_1h),92,54,43,33,27,193,193,NA,NA,13,15,3,2,0.6,0.4
2026-06-14T0600,1982A,122.0693,37.2175,威海市,文登开发区,,49,42,40,23,23,155,155,NA,NA,10,11,/,/,/,/
2026-06-14T0600,3505A,122.1379,37.3414,威海市,临港区管委会,颗粒物(PM10),51,51,40,34,25,159,159,NA,NA,6,5,7,7,0.5,0.4
2026-06-14T0600,1650A,119.1436,36.7022,潍坊市,环保局,细颗粒物(PM2.5),82,56,73,51,34,109,109,NA,NA,15,18,5,6,0.7,0.8
2026-06-14T0600,2877A,119.1638,36.6524,潍坊市,坊子邮政,细颗粒物(PM2.5),92,75,72,56,40,80,80,NA,NA,26,21,8,8,0.8,0.6
2026-06-14T0600,3178A,119.0587,36.7209,潍坊市,潍坊七中,,37,36,73,25,33,118,118,NA,NA,8,13,8,9,0.7,0.9
2026-06-14T0600,3368A,119.1978,36.6871,潍坊市,高新实验学校,细颗粒物(PM2.5),90,78,85,55,37,77,77,NA,NA,21,16,4,4,0.8,0.7
2026-06-14T0600,3416A,119.1758,36.7139,潍坊市,潍坊学院,细颗粒物(PM2.5),68,61,90,44,37,100,100,NA,NA,17,21,5,6,0.7,0.8
2026-06-14T0600,3861A,119.2046,36.7696,潍坊市,寒亭区实验一小,,37,24,72,15,32,116,116,NA,NA,9,15,8,9,0.3,0.4
2026-06-14T0600,1940A,109.4605,34.4927,渭南市,体育馆,,31,31,47,11,18,57,57,NA,NA,31,22,6,8,0.3,0.4
2026-06-14T0600,1941A,109.4257,34.5067,渭南市,高新一小,颗粒物(PM10),105,131,64,35,24,32,32,NA,NA,57,26,6,7,0.6,0.5
2026-06-14T0600,4159A,110.4531,35.4578,渭南市,桢州大街,NA,NA,29,45,20,18,76,76,NA,NA,12,10,NA,12,0.4,0.5
2026-06-14T0600,4160A,110.4368,35.4773,渭南市,太史大街,颗粒物(PM10),57,59,50,23,19,64,64,NA,NA,20,13,11,14,0.4,0.5
2026-06-14T0600,4235A,109.5051,34.4921,渭南市,渭花路4号,,27,27,47,13,20,61,61,NA,NA,16,18,6,7,0.6,0.6
2026-06-14T0600,1242A,120.6342,28.0088,温州市,瓯海,,23,NA,14,16,8,24,24,NA,NA,34,20,6,5,0.4,0.4
2026-06-14T0600,1243A,120.6747,27.9881,温州市,南浦,,23,NA,13,16,7,43,43,NA,NA,14,9,4,4,0.6,0.5
2026-06-14T0600,1244A,120.76,27.9745,温州市,龙湾,,30,30,20,13,7,41,41,NA,NA,20,15,5,4,0.4,0.4
2026-06-14T0600,3561A,120.6985,27.9252,温州市,茶山,,20,18,11,14,5,43,43,NA,NA,17,20,/,/,/,/
2026-06-14T0600,4096A,120.6935,28.0114,温州市,鹿城惠民路,,16,11,13,8,7,49,49,NA,NA,19,16,/,/,0.4,0.4
2026-06-14T0600,2610A,104.2533,23.3595,文山壮族苗族自治州,州水务局,,14,14,11,8,6,28,28,NA,NA,8,7,4,4,0.2,0.2
2026-06-14T0600,2611A,104.2319,23.3892,文山壮族苗族自治州,市便民服务中心,,15,15,14,7,7,19,19,NA,NA,12,7,4,4,0.2,0.3
2026-06-14T0600,2187A,106.8172,39.6972,乌海市,市林业局,,44,44,37,8,8,74,74,NA,NA,30,12,28,16,0.7,0.5
2026-06-14T0600,2188A,106.7907,39.6666,乌海市,中海勃湾学校,,44,44,30,10,9,65,65,NA,NA,38,14,31,15,0.6,0.4
2026-06-14T0600,3284A,106.8129,39.7274,乌海市,海北新区,颗粒物(PM10),57,59,40,8,9,71,71,NA,NA,25,15,27,10,0.4,0.3
2026-06-14T0600,4278A,106.8212,39.6741,乌海市,海拉北路,,50,50,33,9,12,59,59,NA,NA,35,15,38,19,0.6,0.4
2026-06-14T0600,2197A,113.1306,40.9924,乌兰察布市,集宁新区,,26,26,26,9,10,74,74,NA,NA,9,7,12,10,0.3,0.3
2026-06-14T0600,3034A,113.1076,41.0385,乌兰察布市,光明街小学,,18,18,24,3,12,56,56,NA,NA,12,12,6,5,0.4,0.4
2026-06-14T0600,3285A,113.1383,40.9513,乌兰察布市,北京八中,,25,25,25,3,6,65,65,NA,NA,10,9,1,4,0.5,0.5
2026-06-14T0600,3421A,113.1776,40.9779,乌兰察布市,市委党校,,21,14,24,3,11,67,67,NA,NA,13,10,2,4,0.4,0.4
2026-06-14T0600,1490A,87.5796,43.8299,乌鲁木齐市,监测站,,21,6,25,3,10,66,66,NA,NA,19,11,4,5,0.4,0.3
2026-06-14T0600,1491A,87.6044,43.7679,乌鲁木齐市,收费所,,35,35,27,12,11,31,31,NA,NA,40,15,8,8,0.2,0.2
2026-06-14T0600,1493A,87.5529,43.8704,乌鲁木齐市,铁路局,,26,26,31,12,11,61,61,NA,NA,23,12,6,6,0.4,0.4
2026-06-14T0600,1494A,87.6408,43.8258,乌鲁木齐市,三十一中学,,26,17,25,7,10,81,81,NA,NA,10,8,2,2,0.5,0.4
2026-06-14T0600,1496A,87.7218,44.1747,乌鲁木齐市,米东区环保局,颗粒物(PM10),52,52,37,25,22,54,54,NA,NA,8,6,8,6,0.3,0.3
2026-06-14T0600,3033A,87.4652,43.4569,乌鲁木齐市,培训基地,,35,NA,16,3,9,112,112,NA,NA,2,4,6,6,0.2,0.3
2026-06-14T0600,3437A,88.3088,43.3637,乌鲁木齐市,达坂城区环保局,,29,13,34,3,8,91,91,NA,NA,7,5,2,7,0.1,0.2
2026-06-14T0600,3438A,87.6132,43.8791,乌鲁木齐市,红光山片区,,24,24,33,10,12,59,59,NA,NA,26,15,4,5,0.2,0.1
2026-06-14T0600,3439A,87.7008,43.8003,乌鲁木齐市,新师大温泉校区,,30,20,28,13,10,96,96,NA,NA,7,8,7,7,0.1,0.1
2026-06-14T0600,3440A,87.4892,43.84,乌鲁木齐市,大绿谷,,26,12,22,3,9,82,82,NA,NA,13,9,2,2,0.5,0.4
2026-06-14T0600,1188A,120.2693,31.4864,无锡市,雪浪,,24,NA,24,10,13,74,74,NA,NA,8,14,6,7,0.6,0.6
2026-06-14T0600,1189A,120.2761,31.621,无锡市,黄巷,,22,NA,23,15,14,70,70,NA,NA,14,16,6,6,0.6,0.6
2026-06-14T0600,1191A,120.2422,31.5037,无锡市,漆塘,,23,14,31,6,13,73,73,NA,NA,8,12,4,5,0.3,0.4
2026-06-14T0600,1192A,120.3489,31.5865,无锡市,东亭,,20,NA,15,14,15,54,54,NA,NA,32,23,5,6,0.4,0.4
2026-06-14T0600,1193A,120.3538,31.5474,无锡市,旺庄,,25,NA,27,12,14,79,79,NA,NA,13,21,4,5,0.6,0.6
2026-06-14T0600,1194A,120.2447,31.5633,无锡市,荣巷,,25,NA,25,13,14,80,80,NA,NA,18,18,4,5,0.1,0.2
2026-06-14T0600,1195A,120.2986,31.6816,无锡市,堰桥,,38,NA,20,26,16,78,78,NA,NA,10,18,4,5,0.6,0.5
2026-06-14T0600,4087A,120.3138,31.4927,无锡市,清舒道1号,,23,NA,25,13,15,72,72,NA,NA,10,15,3,4,0.6,0.6
2026-06-14T0600,4254A,120.2925,31.5685,无锡市,健康路105号,,24,12,31,12,14,76,76,NA,NA,11,17,5,6,0.7,0.7
2026-06-14T0600,2677A,106.1535,37.9648,吴忠市,教育园区,,42,42,45,14,15,58,58,NA,NA,13,20,8,10,0.4,0.3
2026-06-14T0600,2679A,106.1851,37.9957,吴忠市,新区二泵站,,46,46,48,7,17,57,57,NA,NA,16,20,9,13,0.3,0.4
2026-06-14T0600,3648A,106.2176,37.9832,吴忠市,文卫南街,颗粒物(PM10),59,62,50,14,16,52,52,NA,NA,16,17,7,9,0.3,0.3
2026-06-14T0600,1794A,118.3603,31.3515,芜湖市,监测站,,43,NA,19,30,19,51,51,NA,NA,18,8,6,6,0.6,0.6
2026-06-14T0600,1795A,118.3716,31.4135,芜湖市,科创中心,,23,18,20,16,14,68,68,NA,NA,13,14,4,4,0.4,0.4
2026-06-14T0600,1796A,118.3671,31.3132,芜湖市,四水厂,,30,NA,19,21,15,66,66,NA,NA,8,9,5,6,0.5,0.5
2026-06-14T0600,3328A,118.4209,31.3704,芜湖市,市气象局,,25,17,19,17,14,64,64,NA,NA,13,14,7,7,0.4,0.4
2026-06-14T0600,3465A,118.4783,31.3226,芜湖市,清苑社区,,35,NA,18,24,15,51,51,NA,NA,18,15,2,2,0.4,0.4
2026-06-14T0600,3466A,118.2746,31.2326,芜湖市,扬子职业技术学院,,18,18,16,12,12,38,38,NA,NA,9,7,7,7,0.4,0.5
2026-06-14T0600,4099A,118.5726,31.1371,芜湖市,湾沚区人民法院,,42,NA,13,29,17,32,32,NA,NA,15,10,8,8,0.7,0.6
2026-06-14T0600,2496A,111.3126,23.4772,梧州市,市十一中,,28,19,22,19,18,2,2,NA,NA,33,20,9,8,0.2,0.2
2026-06-14T0600,2498A,111.26,23.4794,梧州市,龙新,,28,28,26,14,11,15,15,NA,NA,16,19,6,6,0.1,0.2
2026-06-14T0600,4258A,111.2416,23.4155,梧州市,政贤路18号,,37,37,22,16,10,11,11,NA,NA,19,10,8,7,0.8,0.4
2026-06-14T0600,2711A,87.5352,44.1606,五家渠市,农水大厦,,26,26,32,13,13,61,61,NA,NA,3,3,8,9,0.2,0.2
2026-06-14T0600,3441A,87.5461,44.1909,五家渠市,经开区管委会,,34,34,38,12,20,74,74,NA,NA,9,7,4,5,0.2,0.2
2026-06-14T0600,4168A,87.055284,43.999117,五家渠市,建设西街760号,,22,13,24,3,13,70,70,NA,NA,8,6,4,7,0.2,0.2
2026-06-14T0600,1325A,114.3676,30.5584,武汉市,东湖梨园,,39,39,25,18,17,37,37,NA,NA,16,11,6,7,0.7,0.7
2026-06-14T0600,1326A,114.2527,30.5578,武汉市,汉阳月湖,,47,47,23,19,18,38,38,NA,NA,15,16,3,2,0.9,0.8
2026-06-14T0600,1327A,114.2819,30.6189,武汉市,汉口花桥,,38,27,21,26,21,27,27,NA,NA,29,19,5,4,0.6,0.5
2026-06-14T0600,1328A,114.3024,30.5332,武汉市,武昌紫阳,,43,43,29,20,17,38,38,NA,NA,21,12,4,4,0.8,0.7
2026-06-14T0600,1329A,114.3646,30.6217,武汉市,青山钢花,,29,29,24,17,17,32,32,NA,NA,25,16,3,3,0.6,0.6
2026-06-14T0600,1330A,114.156697,30.482592,武汉市,沌口新区,,37,37,21,11,11,54,54,NA,NA,18,15,4,4,0.4,0.4
2026-06-14T0600,1331A,114.3013,30.5944,武汉市,汉口江滩,,43,43,26,25,18,28,28,NA,NA,24,18,2,1,0.8,0.8
2026-06-14T0600,1333A,114.1285,30.6339,武汉市,吴家山,,48,48,28,20,18,30,30,NA,NA,26,28,6,6,0.6,0.6
2026-06-14T0600,3153A,114.3876,30.4908,武汉市,民族大道182号,,26,24,23,18,16,52,52,NA,NA,13,13,3,3,1.2,1.1
2026-06-14T0600,2652A,102.6203,37.925,武威市,监测站,,32,32,38,14,14,39,39,NA,NA,27,15,9,9,0.2,0.3
2026-06-14T0600,4270A,102.6447,37.9293,武威市,钟楼街149号,,36,36,38,13,15,46,46,NA,NA,24,17,10,9,0.3,0.2
2026-06-14T0600,1463A,108.9931,34.2629,西安市,兴庆小区,,25,24,36,11,13,78,78,NA,NA,17,16,6,7,0.3,0.4
2026-06-14T0600,1464A,109.0595,34.2569,西安市,纺织城,颗粒物(PM10),53,53,46,15,20,18,18,NA,NA,58,34,6,7,0.5,0.6
2026-06-14T0600,1465A,108.9377,34.2178,西安市,小寨,,25,25,32,12,17,68,68,NA,NA,17,14,3,3,0.3,0.4
2026-06-14T0600,1466A,108.9522,34.2739,西安市,市人民体育场,,31,31,40,10,17,44,44,NA,NA,32,16,6,6,0.6,0.6
2026-06-14T0600,1467A,108.8923,34.2322,西安市,高新西区,,40,40,38,19,18,39,39,NA,NA,31,12,5,6,0.5,0.5
2026-06-14T0600,1468A,108.9386,34.3446,西安市,经开区,,43,43,43,18,19,45,45,NA,NA,26,19,4,5,0.5,0.5
2026-06-14T0600,1469A,108.894,34.1557,西安市,长安区,,25,20,32,17,14,46,46,NA,NA,19,14,1,1,0.1,0.1
2026-06-14T0600,1471A,109.213,34.3748,西安市,临潼区,,30,27,42,21,19,86,86,NA,NA,19,14,7,7,0.6,0.6
2026-06-14T0600,1474A,109.0508,34.321,西安市,广运潭,,26,26,35,13,16,74,74,NA,NA,16,15,4,4,0.6,0.6
2026-06-14T0600,3605A,109.1019,34.5302,西安市,无线电监控中心,,43,43,55,27,22,59,59,NA,NA,22,19,4,5,0.5,0.5
2026-06-14T0600,4055A,108.8869,34.2662,西安市,行知小学,颗粒物(PM10),52,52,40,21,18,39,39,NA,NA,40,20,5,5,0.7,0.6
2026-06-14T0600,4233A,108.596239,34.118792,西安市,西苑北路977号,颗粒物(PM10),55,56,45,35,18,36,36,NA,NA,39,19,5,4,0.6,0.6
2026-06-14T0600,4307A,108.9817,34.2035,西安市,曲江池东路988号,,29,15,33,11,15,90,90,NA,NA,8,12,3,2,0.5,0.6
2026-06-14T0600,3055A,101.7775,36.643,西宁市,城北区政府,,34,34,33,20,17,55,55,NA,NA,18,17,15,13,0.7,0.4
2026-06-14T0600,3629A,101.8304,36.5785,西宁市,世纪职校,,23,23,26,13,14,62,62,NA,NA,10,15,13,13,0.5,0.5
2026-06-14T0600,4162A,101.6769,36.6535,西宁市,海晏路105号,,30,28,28,21,23,36,36,NA,NA,22,13,4,6,0.3,0.3
2026-06-14T0600,2612A,100.8018,21.9995,西双版纳傣族自治州,景洪市江南,,23,23,15,16,7,27,27,NA,NA,4,3,8,8,0.6,0.6
2026-06-14T0600,2613A,100.7995,22.0238,西双版纳傣族自治州,景洪市江北,,31,31,25,8,7,12,12,NA,NA,5,5,8,7,0.7,0.7
2026-06-14T0600,2202A,116.1048,43.9318,锡林郭勒盟,市环保监测站,,25,NA,14,12,9,80,80,NA,NA,8,8,5,7,0.2,0.2
2026-06-14T0600,2203A,116.0778,43.9312,锡林郭勒盟,市政府,NA,NA,NA,7,13,9,65,65,NA,NA,8,6,NA,9,0.3,0.3
2026-06-14T0600,1287A,118.1519,24.4768,厦门市,洪文,,15,NA,15,3,11,46,46,NA,NA,4,8,2,3,0.2,0.3
2026-06-14T0600,1288A,118.0671,24.4447,厦门市,鼓浪屿,,13,9,19,3,11,41,41,NA,NA,11,9,4,3,/,/
2026-06-14T0600,2842A,118.0937,24.5054,厦门市,湖里中学,,12,NA,18,3,12,37,37,NA,NA,10,8,1,2,0.3,0.4
2026-06-14T0600,3527A,118.0961,24.5689,厦门市,集美中学,,18,15,22,12,14,47,47,NA,NA,10,12,1,2,0.3,0.4
2026-06-14T0600,3528A,118.1502,24.7246,厦门市,同安二实小,,29,24,29,20,23,31,31,NA,NA,13,15,3,2,0.4,0.4
2026-06-14T0600,3655A,114.3379,29.8683,咸宁市,长江产业园,,27,27,15,3,4,15,15,NA,NA,9,6,27,7,0.7,0.6
2026-06-14T0600,4217A,114.3182,29.8447,咸宁市,双鹤路18号,,26,26,15,10,6,23,23,NA,NA,6,4,5,5,0.7,0.6
2026-06-14T0600,4298A,114.284,29.8595,咸宁市,碧桂路,NA,NA,37,14,17,6,26,26,NA,NA,9,7,NA,4,0.5,0.5
2026-06-14T0600,1919A,108.6726,34.315,咸阳市,实验中学,,45,45,40,25,18,47,47,NA,NA,33,16,8,6,0.3,0.3
2026-06-14T0600,1920A,108.7226,34.3622,咸阳市,师范学院,颗粒物(PM10),55,56,51,25,25,51,51,NA,NA,34,32,6,6,0.5,0.5
2026-06-14T0600,3525A,108.6394,34.408,咸阳市,奥体中心,颗粒物(PM10),53,53,55,32,25,47,47,NA,NA,29,27,6,3,0.4,0.4
2026-06-14T0600,4056A,108.6601,34.3767,咸阳市,五陵塬路2号,颗粒物(PM10),66,72,63,30,24,50,50,NA,NA,26,32,11,5,0.4,0.3
2026-06-14T0600,4156A,108.6372,34.3031,咸阳市,胭脂路9号,NA,NA,49,47,26,16,40,40,NA,NA,34,19,NA,6,0.3,0.3
2026-06-14T0600,4157A,108.0371,34.3035,咸阳市,杨扶路,,35,35,39,20,19,45,45,NA,NA,14,12,2,3,0.4,0.4
2026-06-14T0600,4158A,108.0895,34.2623,咸阳市,新桥路,,50,50,47,28,22,24,24,NA,NA,42,25,10,8,0.4,0.4
2026-06-14T0600,1508A,112.9508,27.8626,湘潭市,板塘,,27,27,18,18,11,27,27,NA,NA,10,11,6,5,0.3,0.2
2026-06-14T0600,1511A,112.9114,27.8404,湘潭市,市监测站,,25,NA,7,17,11,36,36,NA,NA,12,14,4,3,0.4,0.3
2026-06-14T0600,1512A,112.8935,27.8729,湘潭市,江麓,,25,24,21,17,13,29,29,NA,NA,8,9,3,4,0.5,0.4
2026-06-14T0600,1513A,112.9227,27.8159,湘潭市,岳塘,,26,21,16,18,12,23,23,NA,NA,11,9,7,6,0.5,0.4
2026-06-14T0600,1514A,112.9073,27.9118,湘潭市,科大,,30,26,18,21,14,29,29,NA,NA,6,10,3,3,0.6,0.6
2026-06-14T0600,1562A,113.0048,27.9153,湘潭市,昭山,,29,24,17,20,14,28,28,NA,NA,16,15,5,5,0.3,0.2
2026-06-14T0600,2493A,109.7298,28.3164,湘西土家族苗族自治州,州政府,NA,NA,NA,12,13,8,NA,NA,NA,NA,6,6,3,4,0.4,0.4
2026-06-14T0600,2494A,109.6957,28.2676,湘西土家族苗族自治州,吉首市计生局,,18,17,10,12,7,5,5,NA,NA,9,10,2,2,0.2,0.2
2026-06-14T0600,2432A,112.1555,32.0197,襄阳市,襄城运动路,,36,36,39,24,22,60,60,NA,NA,4,5,3,5,0.7,0.6
2026-06-14T0600,2434A,112.1829,32.1146,襄阳市,高新管委会,,35,29,29,24,23,65,65,NA,NA,7,8,5,5,0.8,0.7
2026-06-14T0600,2435A,112.2105,32.0903,襄阳市,襄州航空路,,35,28,34,24,22,55,55,NA,NA,6,7,8,8,1.0,0.8
2026-06-14T0600,3396A,112.0764,32.0089,襄阳市,襄城隆中路,,42,30,31,29,23,60,60,NA,NA,6,8,11,12,0.7,0.6
2026-06-14T0600,3397A,112.1154,32.103,襄阳市,高新台子湾,,38,30,31,26,21,53,53,NA,NA,15,13,8,9,0.5,0.4
2026-06-14T0600,4251A,112.1433,32.0581,襄阳市,铁院东路4号,,35,29,38,24,18,63,63,NA,NA,11,12,6,7,0.5,0.4
2026-06-14T0600,2444A,113.9062,30.9378,孝感市,东城区,,23,17,21,16,15,67,67,NA,NA,4,11,4,4,0.6,0.7
2026-06-14T0600,4125A,113.946,30.8999,孝感市,天仙南路1号,,29,20,23,20,18,53,53,NA,NA,9,14,4,5,0.5,0.5
2026-06-14T0600,2181A,112.7313,38.457,忻州市,开发区,,21,21,33,8,20,48,48,NA,NA,21,18,5,7,0.4,0.6
2026-06-14T0600,2182A,112.7023,38.4932,忻州市,会展中心,,33,33,32,14,19,30,30,NA,NA,32,17,2,4,0.4,0.5
2026-06-14T0600,3208A,112.7279,38.4157,忻州市,市政府,,42,42,37,29,20,54,54,NA,NA,26,17,10,7,0.6,0.6
2026-06-14T0600,4063A,115.2124,37.9433,辛集市,市政府,,40,40,56,19,23,72,72,NA,NA,13,14,5,4,0.3,0.4
2026-06-14T0600,4064A,115.2008,37.9338,辛集市,城管大队,NA,NA,26,42,20,23,72,72,NA,NA,11,13,NA,5,0.5,0.5
2026-06-14T0600,2389A,113.836,35.3104,新乡市,环保西院,,35,33,43,24,23,74,74,NA,NA,11,11,6,7,0.5,0.4
2026-06-14T0600,2390A,113.8847,35.2724,新乡市,开发区,,32,32,42,18,15,71,71,NA,NA,14,15,8,9,0.5,0.5
2026-06-14T0600,2391A,113.8836,35.3028,新乡市,环保东院,,38,38,50,26,18,67,67,NA,NA,19,14,8,8,0.7,0.6
2026-06-14T0600,3054A,113.9194,35.2847,新乡市,市委党校,,42,42,38,21,16,74,74,NA,NA,16,13,5,6,0.5,0.4
2026-06-14T0600,3475A,113.9189,35.3042,新乡市,市政府,,50,50,42,24,20,58,58,NA,NA,23,12,8,8,0.4,0.2
2026-06-14T0600,3689A,113.9002,35.372,新乡市,行政服务中心,颗粒物(PM10),55,57,38,27,20,61,61,NA,NA,24,14,28,9,0.6,0.6
2026-06-14T0600,4215A,113.916569,35.331547,新乡市,建设东路46号,NA,NA,62,46,31,25,52,52,NA,NA,23,13,NA,13,0.5,0.4
2026-06-14T0600,2353A,114.9887,27.8433,新余市,飞宇,NA,NA,15,26,3,10,36,36,NA,NA,7,11,NA,9,0.7,0.6
2026-06-14T0600,2354A,114.9234,27.8248,新余市,第二水厂,,16,8,21,3,13,50,50,NA,NA,6,13,4,4,0.5,0.5
2026-06-14T0600,2355A,114.931,27.8037,新余市,市气象局,,18,18,26,3,12,50,50,NA,NA,12,16,3,2,0.3,0.3
2026-06-14T0600,3206A,114.9148,27.8069,新余市,新钢沁园村,,19,12,25,3,12,59,59,NA,NA,5,12,3,5,0.3,0.4
2026-06-14T0600,2054A,114.1096,32.1059,信阳市,平桥分局,,32,NA,21,22,19,63,63,NA,NA,7,7,5,6,0.4,0.4
2026-06-14T0600,2064A,113.9956,32.1272,信阳市,南湾水厂,,40,32,23,28,18,77,77,NA,NA,6,7,4,5,0.5,0.5
2026-06-14T0600,2065A,114.078,32.1194,信阳市,市酿酒公司,,32,32,25,19,19,57,57,NA,NA,10,7,5,5,0.5,0.4
2026-06-14T0600,2066A,114.0712,32.1393,信阳市,审计局,,43,43,38,25,19,77,77,NA,NA,6,5,6,6,0.7,0.6
2026-06-14T0600,4280A,122.0921,46.065,兴安盟,洮儿河南路,,27,27,24,8,9,63,63,NA,NA,10,8,5,5,0.1,0.1
2026-06-14T0600,4311A,122.0383,46.0691,兴安盟,科尔沁北路63号,,27,27,26,16,9,66,66,NA,NA,8,7,5,3,0.3,0.2
2026-06-14T0600,1077A,114.4687,37.0883,邢台市,达活泉,NA,NA,NA,45,26,22,NA,NA,NA,NA,4,11,4,7,0.4,0.6
2026-06-14T0600,1078A,114.4954,37.0309,邢台市,邢师高专,,40,40,45,22,19,82,82,NA,NA,17,12,1,3,0.3,0.3
2026-06-14T0600,1079A,114.5281,37.0857,邢台市,路桥公司,,38,31,44,26,21,76,76,NA,NA,13,12,8,5,0.2,0.3
2026-06-14T0600,1080A,114.4721,37.0713,邢台市,市环保局,,36,35,53,20,22,114,114,NA,NA,5,10,4,7,0.3,0.5
2026-06-14T0600,4070A,114.5558,37.0578,邢台市,襄都区政府南院,,40,40,50,18,22,74,74,NA,NA,18,12,7,6,0.5,0.5
2026-06-14T0600,1180A,117.257,34.2161,徐州市,新城区,,34,34,45,20,18,70,70,NA,NA,15,10,8,8,0.4,0.4
2026-06-14T0600,1182A,117.2933,34.2796,徐州市,农科院,,34,34,40,15,15,69,69,NA,NA,22,13,7,7,0.5,0.5
2026-06-14T0600,3005A,117.1812,34.29,徐州市,鼓楼区政府,,38,32,34,26,19,64,64,NA,NA,26,13,7,7,0.8,0.7
2026-06-14T0600,3006A,117.1693,34.1781,徐州市,铜山区招生办,,40,34,41,28,20,66,66,NA,NA,20,14,10,10,0.3,0.3
2026-06-14T0600,3288A,117.4619,34.4368,徐州市,大泉街道,,45,45,45,22,20,87,87,NA,NA,16,17,12,11,0.2,0.2
2026-06-14T0600,4088A,117.1553,34.2567,徐州市,纺织东路16号,NA,NA,42,37,35,19,63,63,NA,NA,22,11,NA,8,0.5,0.5
2026-06-14T0600,4186A,117.194237,34.229354,徐州市,解放南路202号,,48,48,49,21,20,68,68,NA,NA,24,10,11,10,0.7,0.7
2026-06-14T0600,4288A,117.2438,34.2844,徐州市,龙潭环路5号,,39,39,46,26,19,62,62,NA,NA,16,11,8,9,0.7,0.6
2026-06-14T0600,2398A,113.7904,33.9949,许昌市,开发区,颗粒物(PM10),60,64,34,31,18,42,42,NA,NA,26,8,4,5,0.5,0.4
2026-06-14T0600,3134A,113.8172,34.0339,许昌市,市一中,,35,31,32,24,17,68,68,NA,NA,16,10,1,3,0.5,0.4
2026-06-14T0600,3337A,113.8611,34.0443,许昌市,许昌学院,NA,NA,NA,26,49,19,52,52,NA,NA,17,6,NA,4,0.6,0.5
2026-06-14T0600,3338A,113.8428,34.0825,许昌市,芙蓉广场,颗粒物(PM10),85,99,31,28,19,64,64,NA,NA,9,4,6,8,0.5,0.5
2026-06-14T0600,4180A,113.8157285,34.126705,许昌市,新元大道996号,,36,30,29,25,16,76,76,NA,NA,6,4,4,6,0.3,0.3
2026-06-14T0600,4259A,113.835877,34.0155267,许昌市,望田路111号,细颗粒物(PM2.5),58,48,32,39,19,50,50,NA,NA,27,12,5,6,0.5,0.5
2026-06-14T0600,2316A,118.7578,30.9457,宣城市,鳌峰子站,颗粒物(PM10),78,89,21,19,12,23,23,NA,NA,10,6,9,7,0.4,0.3
2026-06-14T0600,2317A,118.7384,30.9745,宣城市,敬亭山子站,,32,23,16,22,13,23,23,NA,NA,11,10,5,4,0.2,0.2
2026-06-14T0600,2318A,118.7172,30.9428,宣城市,开发区子站,,43,NA,18,30,14,21,21,NA,NA,10,5,8,8,0.3,0.2
2026-06-14T0600,2555A,103.011,29.9833,雅安市,市政府,,22,21,24,15,18,23,23,NA,NA,7,10,7,8,0.5,0.5
2026-06-14T0600,2556A,102.9907,29.9778,雅安市,川农大,,30,26,25,21,18,28,28,NA,NA,14,11,9,8,0.4,0.4
2026-06-14T0600,4306A,103.0544,30.0133,雅安市,滨江西路,,23,NA,30,16,19,31,31,NA,NA,8,12,6,7,0.2,0.3
2026-06-14T0600,1642A,121.2517,37.564,烟台市,开发区,细颗粒物(PM2.5),82,61,57,51,28,151,151,NA,NA,13,17,5,6,0.6,0.6
2026-06-14T0600,1644A,121.3181,37.5436,烟台市,西郊化工站,细颗粒物(PM2.5),100,NA,44,60,30,164,164,NA,NA,11,12,4,6,0.5,0.4
2026-06-14T0600,1645A,121.4419,37.4858,烟台市,莱山环保局,细颗粒物(PM2.5),72,58,44,46,25,139,139,NA,NA,14,11,4,5,0.5,0.4
2026-06-14T0600,1646A,121.2619,37.4965,烟台市,福山环保局,细颗粒物(PM2.5),82,66,57,51,26,155,155,NA,NA,12,13,8,8,0.5,0.4
2026-06-14T0600,3057A,121.5989,37.4016,烟台市,牟平检察院,细颗粒物(PM2.5),88,61,45,54,30,163,163,NA,NA,12,9,12,5,0.5,0.4
2026-06-14T0600,3366A,121.5202,37.4336,烟台市,中国农业大学,细颗粒物(PM2.5),78,56,45,49,26,159,159,NA,NA,13,11,2,5,0.6,0.5
2026-06-14T0600,4213A,121.364239,37.529648,烟台市,青年南路118号,细颗粒物(PM2.5),96,NA,37,58,28,159,159,NA,NA,14,15,7,6,0.5,0.5
2026-06-14T0600,1927A,109.4569,36.6161,延安市,延大医附院,,14,14,22,8,8,10,10,NA,NA,8,18,2,2,0.3,0.3
2026-06-14T0600,1929A,109.5053,36.6105,延安市,百米大道,,20,20,28,7,9,11,11,NA,NA,20,23,4,5,0.3,0.4
2026-06-14T0600,4161A,109.485,36.6347,延安市,志丹路,,27,27,24,11,11,14,14,NA,NA,19,18,5,5,0.4,0.3
2026-06-14T0600,2237A,129.4704,42.8885,延边朝鲜族自治州,妇幼医院,,30,NA,24,21,13,25,25,NA,NA,15,11,6,6,0.3,0.3
2026-06-14T0600,2238A,129.5047,42.9117,延边朝鲜族自治州,延边医院,,20,20,25,14,11,36,36,NA,NA,12,10,5,6,0.3,0.3
2026-06-14T0600,2239A,129.395,42.8884,延边朝鲜族自治州,朝阳川镇医院,,23,16,19,16,13,24,24,NA,NA,10,11,11,10,0.4,0.4
2026-06-14T0600,1216A,120.1554,33.3941,盐城市,市监测站,,33,NA,48,3,29,105,105,NA,NA,9,15,8,11,0.5,0.6
2026-06-14T0600,1218A,120.214332,33.37951,盐城市,开发区管委会,,34,8,52,3,30,106,106,NA,NA,4,11,8,11,0.5,0.6
2026-06-14T0600,3004A,120.1543,33.3664,盐城市,宝龙广场,NA,NA,9,42,8,28,95,95,NA,NA,4,12,NA,10,0.5,0.6
2026-06-14T0600,3293A,120.1518,33.3369,盐城市,月亮广场,,37,8,44,3,30,116,116,NA,NA,2,12,8,11,0.5,0.6
2026-06-14T0600,3436A,120.4283,33.2048,盐城市,大丰高级中学,,43,6,56,3,28,135,135,NA,NA,5,14,7,11,0.4,0.6
2026-06-14T0600,4207A,120.12211,33.393982,盐城市,黄海中路88号,,36,9,53,3,26,115,115,NA,NA,4,12,7,10,0.6,0.7
2026-06-14T0600,1186A,119.3895,32.377,扬州市,邗江监测站,细颗粒物(PM2.5),70,NA,38,45,23,85,85,NA,NA,10,18,12,14,1.0,0.9
2026-06-14T0600,2869A,119.4472,32.4156,扬州市,五台山医院,颗粒物(PM10),51,51,33,29,20,85,85,NA,NA,7,14,9,11,0.8,0.7
2026-06-14T0600,3164A,119.4682,32.394,扬州市,广陵建设局,,45,42,37,31,19,82,82,NA,NA,7,11,8,10,0.8,0.8
2026-06-14T0600,3195A,119.3649,32.3961,扬州市,市体育局,NA,NA,39,39,36,21,NA,NA,NA,NA,2,10,6,8,0.6,0.5
2026-06-14T0600,3294A,119.565282,32.422263,扬州市,引江管理处,,40,NA,33,28,21,89,89,NA,NA,3,11,3,5,0.8,0.7
2026-06-14T0600,4093A,119.5202,32.3705,扬州市,廖家沟步道,细颗粒物(PM2.5),54,NA,31,37,20,82,82,NA,NA,13,20,4,6,0.5,0.5
2026-06-14T0600,1701A,111.9491,21.8658,阳江市,马南垌,,29,29,24,17,12,32,32,NA,NA,10,8,5,6,0.6,0.7
2026-06-14T0600,3317A,111.9785,21.8954,阳江市,两阳中学,,29,29,22,16,11,43,43,NA,NA,7,7,/,/,0.9,0.9
2026-06-14T0600,3453A,112.0125,21.8749,阳江市,阳东陶然,,23,21,18,16,10,46,46,NA,NA,7,7,6,6,0.6,0.6
2026-06-14T0600,1739A,113.4894,37.8717,阳泉市,赛鱼,颗粒物(PM10),64,69,34,26,17,16,16,NA,NA,35,14,6,7,0.8,0.7
2026-06-14T0600,1740A,113.582,37.8473,阳泉市,南庄,NA,NA,51,43,27,18,NA,NA,NA,NA,12,12,8,10,0.8,0.7
2026-06-14T0600,1742A,113.5616,37.8706,阳泉市,平坦,颗粒物(PM10),61,65,38,32,20,36,36,NA,NA,34,18,8,8,0.7,0.6
2026-06-14T0600,1743A,113.5115,37.8391,阳泉市,大阳泉,,50,50,29,25,16,98,98,NA,NA,10,8,6,7,0.6,0.6
2026-06-14T0600,3619A,113.6169,37.8565,阳泉市,龙柱,颗粒物(PM10),63,67,38,35,22,6,6,NA,NA,31,19,6,7,0.7,0.5
2026-06-14T0600,4077A,113.588,37.8712,阳泉市,宁波路,NA,NA,50,32,23,17,NA,NA,NA,NA,36,14,6,7,1.0,0.7
2026-06-14T0600,2252A,128.8663,47.7199,伊春市,环保局,,11,11,16,3,4,10,10,NA,NA,4,6,9,9,0.3,0.3
2026-06-14T0600,2253A,128.9014,47.732,伊春市,电力嘉园,,16,16,17,3,6,12,12,NA,NA,7,6,4,3,0.2,0.1
2026-06-14T0600,3342A,128.7948,47.7291,伊春市,中心小学,,11,11,12,3,8,13,13,NA,NA,5,5,6,5,0.4,0.4
2026-06-14T0600,3343A,128.6736,47.729,伊春市,检察院,,26,26,21,3,7,20,20,NA,NA,9,8,9,8,0.3,0.3
2026-06-14T0600,4284A,128.8325,47.8447,伊春市,永安路4-1号,,13,13,13,3,6,12,12,NA,NA,4,5,1,1,0.2,0.2
2026-06-14T0600,2704A,81.3002,43.9177,伊犁哈萨克自治州,新政府片区,,21,18,24,13,13,67,67,NA,NA,11,10,6,6,0.6,0.5
2026-06-14T0600,2705A,81.3364,43.9409,伊犁哈萨克自治州,第二水厂,,27,27,30,16,14,54,54,NA,NA,12,10,4,5,0.4,0.4
2026-06-14T0600,4273A,81.2737,43.9337,伊犁哈萨克自治州,安徽路800号,,23,23,31,10,10,64,64,NA,NA,12,10,7,7,0.4,0.3
2026-06-14T0600,1883A,104.6204,28.7728,宜宾市,市委,细颗粒物(PM2.5),54,51,31,37,21,73,73,NA,NA,16,14,16,13,0.7,0.6
2026-06-14T0600,1884A,104.6056,28.7931,宜宾市,宜宾四中,细颗粒物(PM2.5),54,51,31,37,24,74,74,NA,NA,15,12,9,8,1.0,0.8
2026-06-14T0600,1886A,104.5743,28.7199,宜宾市,黄金嘴,,33,31,26,23,18,35,35,NA,NA,21,18,9,10,0.5,0.4
2026-06-14T0600,3728A,104.6701,28.8053,宜宾市,白酒学院,,49,43,30,34,20,64,64,NA,NA,17,14,9,11,0.5,0.4
2026-06-14T0600,4149A,104.6146,28.7422,宜宾市,宜宾市职业技术学校,细颗粒物(PM2.5),60,45,27,40,20,69,69,NA,NA,17,12,10,8,0.8,0.7
2026-06-14T0600,1840A,111.2991,30.6981,宜昌市,白龙岗,,38,29,26,26,20,26,26,NA,NA,13,11,7,7,0.5,0.5
2026-06-14T0600,1842A,111.263451,30.696754,宜昌市,点军区,,30,23,22,21,14,17,17,NA,NA,11,12,10,9,0.4,0.3
2026-06-14T0600,1843A,111.3276,30.782,宜昌市,夷陵区,,23,20,18,16,11,20,20,NA,NA,13,11,7,7,0.4,0.4
2026-06-14T0600,3546A,111.4606,30.5519,宜昌市,猇亭区张家湾站,,33,33,25,17,11,36,36,NA,NA,15,13,6,7,0.4,0.4
2026-06-14T0600,4203A,111.3168,30.7203,宜昌市,西陵二路116号,,11,11,20,6,10,27,27,NA,NA,9,10,6,6,0.6,0.5
2026-06-14T0600,4204A,111.3526,30.6374,宜昌市,沈家店路6号,,30,30,24,13,15,2,2,NA,NA,40,21,8,8,0.3,0.3
2026-06-14T0600,2373A,114.3954,27.7843,宜春市,市石油公司,NA,NA,18,22,12,9,42,42,NA,NA,6,10,NA,7,0.7,0.7
2026-06-14T0600,2374A,114.37,27.7916,宜春市,市气象局,,24,24,21,7,12,42,42,NA,NA,9,14,1,2,0.7,0.8
2026-06-14T0600,2375A,114.401,27.8059,宜春市,市广电局,NA,NA,15,15,6,11,42,42,NA,NA,8,14,NA,3,0.6,0.6
2026-06-14T0600,3151A,114.375,27.8096,宜春市,宜春学院北校区,,20,20,22,6,13,40,40,NA,NA,6,11,9,4,0.6,0.6
2026-06-14T0600,2468A,112.3458,28.581,益阳市,市环保局,,18,17,15,12,15,17,17,NA,NA,25,13,5,4,0.8,0.8
2026-06-14T0600,4181A,112.3571,28.5588,益阳市,龙洲站,,15,15,21,9,12,26,26,NA,NA,10,12,6,6,1.1,1.1
2026-06-14T0600,4187A,112.3425,28.611,益阳市,幸福渠东路223号,,16,12,22,11,14,16,16,NA,NA,10,11,6,6,0.6,0.5
2026-06-14T0600,4188A,112.3712,28.5764,益阳市,益鑫泰路85号,,31,31,24,15,15,21,21,NA,NA,16,11,7,7,0.9,0.9
2026-06-14T0600,1489A,106.1361,38.5039,银川市,学院路,,41,41,47,10,12,46,46,NA,NA,41,24,10,7,0.3,0.4
2026-06-14T0600,2924A,106.2266,38.4417,银川市,水乡路,颗粒物(PM10),65,71,57,16,20,44,44,NA,NA,37,25,7,7,0.5,0.5
2026-06-14T0600,2925A,106.2758,38.4841,银川市,上海东路,,26,26,28,18,12,42,42,NA,NA,32,21,9,10,0.4,0.4
2026-06-14T0600,2926A,106.1016,38.4971,银川市,文昌北街,,46,46,45,15,12,23,23,NA,NA,70,30,13,8,0.3,0.4
2026-06-14T0600,3523A,106.5105,38.3857,银川市,滨河新区,,22,22,34,8,9,54,54,NA,NA,2,7,10,9,0.4,0.4
2026-06-14T0600,4242A,106.226373,38.491976,银川市,广场西路,,44,44,37,10,12,64,64,NA,NA,13,14,7,8,0.4,0.5
2026-06-14T0600,2358A,117.0561,28.2641,鹰潭市,新监测站,,10,8,23,6,19,32,32,NA,NA,4,15,9,17,0.7,0.8
2026-06-14T0600,2359A,117.0312,28.2474,鹰潭市,财苑宾馆,,23,NA,21,16,19,30,30,NA,NA,8,15,13,17,/,/
2026-06-14T0600,2360A,117.0221,28.2263,鹰潭市,体育馆,,19,NA,20,13,17,24,24,NA,NA,12,16,20,18,0.8,0.8
2026-06-14T0600,1597A,122.2704,40.7093,营口市,大庆路,颗粒物(PM10),65,71,55,27,26,45,45,NA,NA,24,17,9,8,1.0,0.8
2026-06-14T0600,1598A,122.215,40.6511,营口市,镜湖西路,,44,44,34,22,24,62,62,NA,NA,21,16,4,5,0.8,0.4
2026-06-14T0600,1599A,122.1667,40.665,营口市,西炮台,颗粒物(PM10),53,53,58,32,33,63,63,NA,NA,22,17,6,7,0.9,0.7
2026-06-14T0600,3379A,122.1122,40.2275,营口市,鲅鱼圈市民活动中心,NA,NA,48,41,28,20,NA,NA,NA,NA,13,5,7,7,0.7,0.7
2026-06-14T0600,3866A,122.2469,40.663,营口市,三高中,,43,43,52,26,24,68,68,NA,NA,18,12,10,8,0.9,0.6
2026-06-14T0600,4006A,122.3622,40.6762,营口市,老边实验小学,,45,36,38,31,29,67,67,NA,NA,31,23,9,7,1.2,0.9
2026-06-14T0600,2478A,111.6126,26.4266,永州市,市环境监测站,,15,14,19,10,16,42,42,NA,NA,8,7,7,5,0.7,0.7
2026-06-14T0600,2480A,111.6248,26.3803,永州市,永州市环保局,,21,21,20,11,15,43,43,NA,NA,5,7,7,4,0.8,0.8
2026-06-14T0600,2481A,111.5989,26.4523,永州市,冷水滩区环保局,,15,15,20,10,14,46,46,NA,NA,8,9,9,4,0.7,0.8
2026-06-14T0600,4299A,111.6195,26.2253,永州市,徐家井路86号,NA,NA,6,18,3,15,NA,NA,NA,NA,9,9,3,3,0.7,0.7
2026-06-14T0600,2639A,109.7445,38.2919,榆林市,世纪广场,,49,49,30,18,10,3,3,NA,NA,62,33,5,7,0.5,0.3
2026-06-14T0600,2640A,109.729,38.2837,榆林市,实验中学,,47,47,33,18,13,3,3,NA,NA,67,31,5,6,0.3,0.3
2026-06-14T0600,2641A,109.7347,38.2491,榆林市,环保监测大楼,,40,40,32,20,12,4,4,NA,NA,60,25,7,9,0.4,0.3
2026-06-14T0600,2511A,110.1433,22.6162,玉林市,南江一中,,19,19,22,12,13,24,24,NA,NA,21,11,3,5,0.4,0.4
2026-06-14T0600,3532A,110.1951,22.6832,玉林市,玉林师范学院东校区,NA,NA,17,19,NA,NA,39,39,NA,NA,8,9,4,6,0.4,0.4
2026-06-14T0600,3533A,110.0527,22.5894,玉林市,福绵环保局,,16,16,19,10,16,50,50,NA,NA,10,9,3,4,0.4,0.3
2026-06-14T0600,4255A,110.16795,22.640993,玉林市,人民东路196号,,32,NA,19,22,16,35,35,NA,NA,8,6,6,7,0.4,0.3
2026-06-14T0600,2675A,97.0386,33.0138,玉树藏族自治州,玉树县结古镇,,18,13,8,3,2,57,57,NA,NA,20,13,6,7,0.2,0.2
2026-06-14T0600,1715A,102.575,24.371,玉溪市,东风水库,,12,9,12,3,5,36,36,NA,NA,6,6,5,5,0.7,0.4
2026-06-14T0600,2882A,102.5388,24.3703,玉溪市,玉溪一中,,10,8,14,3,6,32,32,NA,NA,8,10,4,4,0.6,0.4
2026-06-14T0600,2883A,102.5382,24.339,玉溪市,文体中心,,10,NA,14,3,5,32,32,NA,NA,8,8,6,7,0.8,0.4
2026-06-14T0600,1848A,113.1494,29.425,岳阳市,城陵矶,,22,22,24,6,8,12,12,NA,NA,37,20,1,1,0.7,0.6
2026-06-14T0600,1849A,113.1493,29.3575,岳阳市,开发区,,16,NA,12,11,14,50,50,NA,NA,14,15,4,4,0.5,0.5
2026-06-14T0600,1850A,113.2672,29.4752,岳阳市,云溪区,,24,24,19,13,14,21,21,NA,NA,14,15,4,4,0.6,0.6
2026-06-14T0600,1851A,112.9944,29.44,岳阳市,君山区,,24,24,18,8,8,39,39,NA,NA,12,12,2,2,0.5,0.5
2026-06-14T0600,4265A,113.108806,29.353066,岳阳市,求索西路365号,,25,25,21,11,11,52,52,NA,NA,6,9,3,3,0.6,0.6
2026-06-14T0600,1714A,112.0281,22.9738,云浮市,牧羊,,29,29,22,10,7,7,7,NA,NA,31,17,6,6,0.6,0.6
2026-06-14T0600,3628A,112.0335,22.9376,云浮市,文笔,,19,19,21,10,7,49,49,NA,NA,4,4,4,4,0.4,0.4
2026-06-14T0600,2175A,110.996,35.0148,运城市,运城中学,颗粒物(PM10),65,70,45,30,12,40,40,NA,NA,28,12,5,6,0.7,0.5
2026-06-14T0600,2178A,110.9685,35.0305,运城市,地区技校,颗粒物(PM10),65,71,44,27,14,34,34,NA,NA,45,19,6,6,0.6,0.5
2026-06-14T0600,3667A,111.0279,35.0543,运城市,水利职院,,50,50,36,35,14,48,48,NA,NA,30,13,11,7,0.8,0.6
2026-06-14T0600,3670A,111.0522,35.0439,运城市,禹都公园,颗粒物(PM10),63,67,43,30,12,53,53,NA,NA,22,11,9,7,0.4,0.6
2026-06-14T0600,4081A,111.0081,35.0748,运城市,学苑北路2555号,NA,NA,73,49,30,15,23,23,NA,NA,54,22,NA,8,0.6,0.4
2026-06-14T0600,1637A,117.5628,34.8379,枣庄市,市中区政府,,44,44,45,18,14,82,82,NA,NA,24,15,7,7,0.3,0.3
2026-06-14T0600,1638A,117.2855,34.7838,枣庄市,薛城环保局,,44,44,48,16,16,75,75,NA,NA,26,17,10,8,0.5,0.5
2026-06-14T0600,1639A,117.5854,34.7744,枣庄市,峄城区政府,,41,41,49,23,17,70,70,NA,NA,22,11,8,7,0.4,0.4
2026-06-14T0600,1641A,117.4516,35.0992,枣庄市,山亭区环保局,,31,31,44,14,17,89,89,NA,NA,18,12,11,8,0.8,0.6
2026-06-14T0600,3364A,117.316,34.8106,枣庄市,市环保局,,28,24,41,12,14,87,87,NA,NA,19,15,8,8,0.5,0.5
2026-06-14T0600,4266A,117.7325,34.5683,枣庄市,文化路178号,颗粒物(PM10),53,53,57,22,18,74,74,NA,NA,27,18,11,10,0.3,0.4
2026-06-14T0600,1680A,110.3648,21.2697,湛江市,湛江影剧院,,24,24,24,12,13,36,36,NA,NA,13,11,7,10,0.4,0.4
2026-06-14T0600,1681A,110.3907,21.2279,湛江市,市环境监测站,,22,22,21,13,12,36,36,NA,NA,12,12,6,7,0.6,0.5
2026-06-14T0600,1682A,110.3936,21.1943,湛江市,环保局宿舍,,28,28,19,15,12,32,32,NA,NA,20,15,7,9,/,/
2026-06-14T0600,1683A,110.4138,21.2033,湛江市,霞山游泳场,,28,28,22,14,13,28,28,NA,NA,25,14,7,8,/,/
2026-06-14T0600,1685A,110.4512,21.239,湛江市,坡头区环保局,,26,26,19,14,10,34,34,NA,NA,13,13,5,7,0.4,0.4
2026-06-14T0600,1858A,110.532,29.1219,张家界市,永定新区,,15,13,10,10,7,8,8,NA,NA,6,8,/,/,/,/
2026-06-14T0600,1859A,110.4696,29.1244,张家界市,电业局,,12,12,10,7,8,8,8,NA,NA,6,10,5,4,0.7,0.7
2026-06-14T0600,1860A,110.5573,29.3486,张家界市,未央路,,9,NA,5,6,8,1,1,NA,NA,4,7,6,6,0.4,0.4
2026-06-14T0600,1057A,114.8884,40.8336,张家口市,人民公园,,14,14,22,8,17,36,36,NA,NA,8,12,1,2,0.2,0.3
2026-06-14T0600,1059A,114.868581,40.804273,张家口市,五金库,NA,NA,NA,31,NA,13,NA,NA,133,NA,NA,17,NA,NA,NA,NA
2026-06-14T0600,1060A,114.8901,40.762,张家口市,世纪豪园,,35,NA,24,24,21,33,33,NA,NA,12,12,4,6,0.4,0.5
2026-06-14T0600,3131A,114.878,40.7992,张家口市,烟厂,,29,23,28,20,19,34,34,NA,NA,10,13,/,/,/,/
2026-06-14T0600,3323A,115.2772,40.9723,张家口市,青少年活动中心,,20,20,25,3,9,21,21,NA,NA,6,7,4,4,0.2,0.2
2026-06-14T0600,2654A,100.4699,38.9525,张掖市,润泉湖,颗粒物(PM10),65,71,43,26,23,21,21,NA,NA,50,16,9,7,0.4,0.3
2026-06-14T0600,2655A,100.4155,38.9422,张掖市,区工会,,47,47,41,23,21,64,64,NA,NA,28,12,6,6,0.4,0.3
2026-06-14T0600,2920A,117.71,24.5048,漳州市,蓝田镇,,35,35,31,22,19,33,33,NA,NA,13,12,5,4,0.5,0.5
2026-06-14T0600,3216A,117.662,24.5187,漳州市,漳州党校,,35,34,35,24,21,42,42,NA,NA,10,11,/,/,/,/
2026-06-14T0600,3530A,117.6288,24.5309,漳州市,西洋坪路,,40,30,29,28,21,23,23,NA,NA,13,11,4,3,0.6,0.5
2026-06-14T0600,2596A,103.7668,27.3736,昭通市,监测站,,26,26,33,16,19,57,57,NA,NA,8,13,5,6,0.3,0.4
2026-06-14T0600,4261A,103.7247,27.3415,昭通市,环东路146号,,23,23,26,13,16,51,51,NA,NA,8,12,4,5,0.4,0.4
2026-06-14T0600,1397A,112.426,23.062,肇庆市,睦岗子站,,23,23,20,11,11,26,26,NA,NA,18,14,12,9,/,/
2026-06-14T0600,1398A,112.4645,23.0476,肇庆市,城中子站,,20,20,17,12,11,33,33,NA,NA,18,14,13,14,0.5,0.5
2026-06-14T0600,1399A,112.5545,23.1525,肇庆市,坑口子站,,25,25,19,13,12,32,32,NA,NA,19,12,9,9,0.3,0.3
2026-06-14T0600,3313A,112.4572,23.0163,肇庆市,高要湖西,,23,23,21,16,12,27,27,NA,NA,18,11,10,8,0.5,0.4
2026-06-14T0600,3451A,112.5617,23.2082,肇庆市,鼎湖凤凰,NA,NA,22,19,11,10,33,33,NA,NA,6,6,NA,8,/,/
2026-06-14T0600,1203A,119.6708,32.187,镇江市,新区办事处,,49,38,32,34,21,78,78,NA,NA,17,19,4,5,0.8,0.6
2026-06-14T0600,1204A,119.497455,32.196732,镇江市,职教中心,细颗粒物(PM2.5),58,NA,30,39,22,63,63,NA,NA,21,18,4,7,0.6,0.6
2026-06-14T0600,1205A,119.43,32.1328,镇江市,丹徒区监测站,细颗粒物(PM2.5),56,NA,26,38,22,69,69,NA,NA,10,12,4,4,0.6,0.6
2026-06-14T0600,2870A,119.4369,32.1891,镇江市,市疾控中心,,43,33,29,30,19,73,73,NA,NA,15,15,7,7,0.7,0.7
2026-06-14T0600,3287A,119.3842,32.198,镇江市,富润路1号,颗粒物(PM10),55,57,34,32,25,82,82,NA,NA,11,15,6,7,0.5,0.5
2026-06-14T0600,1316A,113.6843,34.7622,郑州市,烟厂,,40,36,38,28,17,67,67,NA,NA,18,13,5,5,0.4,0.4
2026-06-14T0600,1318A,113.669,34.8034,郑州市,银行学校,,42,37,37,29,20,65,65,NA,NA,12,14,4,4,0.3,0.3
2026-06-14T0600,1319A,113.5612,34.8143,郑州市,供水公司,,39,39,36,21,17,72,72,NA,NA,17,12,7,7,0.3,0.3
2026-06-14T0600,1320A,113.7269,34.7187,郑州市,经开区管委,,38,38,37,19,20,66,66,NA,NA,16,11,9,6,0.4,0.4
2026-06-14T0600,1321A,113.7332,34.7727,郑州市,四十七中,NA,NA,34,38,22,19,65,65,NA,NA,12,10,NA,3,0.4,0.4
2026-06-14T0600,1323A,113.6361,34.7537,郑州市,河医大,,43,43,36,28,18,62,62,NA,NA,19,14,4,4,0.4,0.3
2026-06-14T0600,3471A,113.6104,34.8688,郑州市,惠济区政府,,38,38,34,22,17,71,71,NA,NA,14,11,5,6,0.5,0.4
2026-06-14T0600,3590A,113.8362,34.566,郑州市,北区建设指挥部,,43,37,45,30,21,65,65,NA,NA,13,8,3,4,0.5,0.3
2026-06-14T0600,3591A,113.3029,34.8041,郑州市,上街区政府,NA,NA,NA,NA,NA,NA,NA,NA,NA,NA,NA,NA,NA,NA,NA,NA
2026-06-14T0600,4293A,113.605125,34.755221,郑州市,计划路2号,,46,46,38,25,17,64,64,NA,NA,19,14,6,5,0.5,0.4
2026-06-14T0600,4294A,113.6525645,34.77362682,郑州市,同乐路9号,,46,44,40,32,24,59,59,NA,NA,16,13,4,3,0.5,0.5
2026-06-14T0600,1379A,113.377,22.5211,中山市,华柏园,,20,20,17,9,7,56,56,NA,NA,1,9,/,/,/,/
2026-06-14T0600,1380A,113.3879,22.5499,中山市,张溪,,28,28,18,8,6,59,59,NA,NA,4,6,/,/,/,/
2026-06-14T0600,1381A,113.4071,22.5111,中山市,紫马岭,,19,19,16,9,6,57,57,NA,NA,2,3,6,6,0.4,0.4
2026-06-14T0600,3454A,113.3527,22.4781,中山市,中山南区,,19,12,8,8,6,58,58,NA,NA,1,4,4,5,0.4,0.4
2026-06-14T0600,2682A,105.1965,37.4996,中卫市,环保局站,,38,38,35,13,12,68,68,NA,NA,21,18,8,7,0.3,0.3
2026-06-14T0600,3650A,105.1696,37.5164,中卫市,沙坡头区政府站,,40,40,35,13,11,72,72,NA,NA,21,18,9,8,0.4,0.3
2026-06-14T0600,1416A,106.4216,29.8256,重庆市,天生,细颗粒物(PM2.5),52,49,42,36,29,64,64,NA,NA,18,22,10,8,1.0,1
2026-06-14T0600,1417A,106.6264,29.7226,重庆市,两路,,49,49,40,34,26,80,80,NA,NA,13,22,12,10,0.8,0.8
2026-06-14T0600,1419A,106.5778,29.5103,重庆市,南坪,,49,45,35,34,24,68,68,NA,NA,18,15,13,6,1.1,0.8
2026-06-14T0600,1420A,106.6556,29.6277,重庆市,唐家沱,,50,50,31,33,21,4,4,NA,NA,40,28,10,10,0.6,0.4
2026-06-14T0600,3014A,106.4958,29.5347,重庆市,歇台子,细颗粒物(PM2.5),60,47,33,40,23,56,56,NA,NA,23,25,12,9,1.0,0.8
2026-06-14T0600,3015A,106.4067,29.5729,重庆市,龙井湾,细颗粒物(PM2.5),62,52,24,41,29,86,86,NA,NA,17,16,12,8,1.2,0.9
2026-06-14T0600,3016A,106.5506,29.415,重庆市,龙洲湾,细颗粒物(PM2.5),56,45,32,38,25,47,47,NA,NA,19,14,12,10,0.4,0.2
2026-06-14T0600,3133A,106.5469,29.5655,重庆市,上清寺,,50,49,41,35,26,15,15,NA,NA,40,38,8,8,0.7,0.5
2026-06-14T0600,3346A,108.3871,31.1627,重庆市,安康,,34,34,29,17,19,6,6,NA,NA,16,10,8,8,0.4,0.4
2026-06-14T0600,3347A,105.8983,29.36,重庆市,北山路,,43,37,35,30,28,107,107,NA,NA,9,13,7,7,0.5,0.5
2026-06-14T0600,3350A,106.648859,29.023807,重庆市,滩子口,,46,46,33,25,23,22,22,NA,NA,19,13,11,6,0.3,0.4
2026-06-14T0600,3351A,105.7164,29.7077,重庆市,棠香,,49,36,32,34,25,96,96,NA,NA,7,10,5,5,0.7,0.6
2026-06-14T0600,3352A,107.0733,29.8618,重庆市,桃源西路,,38,38,40,23,26,23,23,NA,NA,16,15,6,7,0.3,0.5
2026-06-14T0600,3353A,107.3536,29.7283,重庆市,迎宾大道,,32,26,26,22,22,12,12,NA,NA,24,21,9,10,0.5,0.5
2026-06-14T0600,3354A,108.8152,29.5079,重庆市,舟白,,29,29,29,8,13,17,17,NA,NA,5,8,5,8,0.3,0.4
2026-06-14T0600,3355A,108.3679,30.8429,重庆市,周家坝,,35,35,31,11,18,8,8,NA,NA,20,20,16,10,0.5,0.4
2026-06-14T0600,3356A,108.4323,30.7554,重庆市,百安坝,,26,26,31,17,15,11,11,NA,NA,21,12,10,9,0.4,0.3
2026-06-14T0600,3482A,107.754,29.3275,重庆市,芙蓉中路,,32,32,29,18,21,12,12,NA,NA,8,10,8,8,0.4,0.4
2026-06-14T0600,3484A,106.2629,29.3202,重庆市,行政中心,细颗粒物(PM2.5),100,75,60,60,44,13,13,NA,NA,32,27,10,9,1.2,0.8
2026-06-14T0600,3599A,106.2648,29.9853,重庆市,书院路,,49,NA,30,34,28,48,48,NA,NA,11,16,7,8,0.7,0.7
2026-06-14T0600,3600A,106.2334,29.5583,重庆市,虎峰,颗粒物(PM10),55,57,47,37,33,82,82,NA,NA,11,13,15,13,0.9,1.2
2026-06-14T0600,3601A,106.0497,29.8345,重庆市,龙门街,,46,43,38,32,22,125,125,NA,NA,13,13,8,8,0.8,0.7
2026-06-14T0600,3610A,105.5931,29.4105,重庆市,昌元,,46,42,27,32,22,54,54,NA,NA,16,15,17,8,0.6,0.5
2026-06-14T0600,4136A,108.6971,30.9377,重庆市,云师幼儿园,NA,NA,NA,19,19,15,1,1,NA,NA,23,16,NA,10,0.3,0.4
2026-06-14T0600,4137A,107.3276,30.3284,重庆市,公安局,,28,28,33,15,23,44,44,NA,NA,9,9,8,10,0.6,0.6
2026-06-14T0600,4138A,108.0575,30.3254,重庆市,忠县中学,,25,25,22,14,12,3,3,NA,NA,26,21,6,6,0.7,0.6
2026-06-14T0600,4139A,109.4542,31.0182,重庆市,竹枝路2号,NA,NA,18,16,12,12,1,1,NA,NA,33,21,NA,8,0.4,0.4
2026-06-14T0600,4140A,107.7422,29.871,重庆市,龙河路,,26,26,26,16,19,38,38,NA,NA,5,9,3,4,0.3,0.4
2026-06-14T0600,4141A,108.7636,28.84,重庆市,桃花源中路,,38,38,34,10,8,10,10,NA,NA,8,10,6,4,0.4,0.4
2026-06-14T0600,4142A,108.9758,28.4416,重庆市,秀山县高级中学,,22,22,13,6,7,5,5,NA,NA,6,5,6,5,0.5,0.5
2026-06-14T0600,4143A,108.1558,29.2859,重庆市,河堡街,NA,NA,27,20,20,15,14,14,NA,NA,10,10,NA,5,0.6,0.6
2026-06-14T0600,4223A,106.4686218,29.48920871,重庆市,双山路147号,细颗粒物(PM2.5),66,52,34,43,28,47,47,NA,NA,39,22,14,10,1.3,0.9
2026-06-14T0600,4246A,105.833962,30.18863087,重庆市,桃园路24号,细颗粒物(PM2.5),54,NA,25,37,25,91,91,NA,NA,12,8,15,14,0.9,0.8
2026-06-14T0600,4247A,107.091033,29.153966,重庆市,钟楼街32号,,37,37,28,25,21,33,33,NA,NA,9,10,10,11,0.6,0.6
2026-06-14T0600,4248A,107.8042979,30.67350233,重庆市,人民南路309号,,42,42,37,16,16,27,27,NA,NA,19,12,6,6,0.4,0.4
2026-06-14T0600,1258A,122.1223,30.0203,舟山市,定海檀枫,,37,19,16,8,8,116,116,NA,NA,6,12,8,7,0.6,0.6
2026-06-14T0600,1260A,122.1898,29.9945,舟山市,临城新区,,37,14,15,7,8,117,117,NA,NA,5,13,4,5,0.5,0.5
2026-06-14T0600,4033A,122.3124,29.9619,舟山市,普陀东港中学,,38,15,15,6,7,120,120,NA,NA,4,6,6,6,0.5,0.4
2026-06-14T0600,2068A,114.6755,33.6347,周口市,周口师范,,29,29,27,17,13,60,60,NA,NA,7,4,2,2,0.7,0.5
2026-06-14T0600,4121A,114.8466,33.7333,周口市,羲皇大道,,34,34,33,23,17,51,51,NA,NA,16,9,4,2,0.4,0.4
2026-06-14T0600,4269A,114.6701,33.6167,周口市,七一路,,42,37,31,29,22,57,57,NA,NA,18,15,4,4,0.6,0.5
2026-06-14T0600,4296A,114.6421,33.6417,周口市,健康路46号,,26,22,27,18,25,66,66,NA,NA,11,7,1,1,0.6,0.4
2026-06-14T0600,4297A,114.649,33.596,周口市,太昊路,,38,38,32,26,18,45,45,NA,NA,21,10,3,3,0.9,0.6
2026-06-14T0600,1515A,113.1265,27.8306,株洲市,天台山庄,,33,32,20,23,13,38,38,NA,NA,12,9,2,2,0.7,0.6
2026-06-14T0600,1518A,113.0937,27.8919,株洲市,株冶医院,,32,28,18,22,15,33,33,NA,NA,13,11,8,7,0.6,0.5
2026-06-14T0600,1519A,113.1709,27.8661,株洲市,市四中,,32,30,21,22,15,40,40,NA,NA,14,15,2,2,0.6,0.6
2026-06-14T0600,1520A,113.1515,27.8265,株洲市,火车站,,33,33,21,20,12,42,42,NA,NA,16,14,8,8,0.7,0.6
2026-06-14T0600,1524A,113.1329,27.8491,株洲市,市监测站,,33,29,19,23,14,45,45,NA,NA,13,14,6,5,0.5,0.5
2026-06-14T0600,2031A,113.1836,27.9959,株洲市,云田中学,,35,32,20,24,16,29,29,NA,NA,14,13,6,6,0.5,0.5
2026-06-14T0600,1367A,113.5811,22.2618,珠海市,吉大,,30,21,17,10,7,94,94,NA,NA,2,4,4,5,0.7,0.7
2026-06-14T0600,1368A,113.4893,22.2323,珠海市,前山,,24,24,18,12,5,57,57,NA,NA,1,4,/,/,/,/
2026-06-14T0600,1369A,113.6284,22.4252,珠海市,唐家,,21,21,18,11,6,52,52,NA,NA,2,2,/,/,/,/
2026-06-14T0600,1370A,113.2986,22.2284,珠海市,斗门,,21,17,15,11,6,67,67,NA,NA,2,2,6,6,0.6,0.6
2026-06-14T0600,3308A,113.3493,22.0572,珠海市,金湾,,27,22,14,11,8,86,86,NA,NA,3,4,/,/,0.4,0.4
2026-06-14T0600,3448A,113.5436,22.1163,珠海市,横琴,,44,44,44,11,7,61,61,NA,NA,2,3,/,/,/,/
2026-06-14T0600,2420A,114.0194,32.9648,驻马店市,市一纸厂,,37,37,27,22,19,45,45,NA,NA,23,10,12,4,0.6,0.3
2026-06-14T0600,2421A,114.0112,33.0149,驻马店市,市彩印厂,颗粒物(PM10),58,61,30,23,16,40,40,NA,NA,24,9,5,4,0.5,0.4
2026-06-14T0600,3339A,114.0002,33.0404,驻马店市,小管楼,,28,28,26,19,14,66,66,NA,NA,17,11,6,7,0.3,0.2
2026-06-14T0600,4202A,113.9856,32.9802,驻马店市,交通路1233号,,34,34,30,21,18,60,60,NA,NA,12,8,6,6,0.4,0.3
2026-06-14T0600,2562A,104.6357,30.1508,资阳市,资阳中学,,43,34,28,30,20,92,92,NA,NA,10,10,9,8,0.4,0.4
2026-06-14T0600,2565A,104.6297,30.1259,资阳市,区法院,,42,NA,26,29,22,89,89,NA,NA,5,8,8,10,0.4,0.4
2026-06-14T0600,4150A,104.6646,30.1116,资阳市,正兴街66号,,40,30,26,28,20,80,80,NA,NA,7,9,3,4,0.4,0.4
2026-06-14T0600,1631A,118.0413,36.8101,淄博市,人民公园,NA,NA,NA,52,30,24,111,111,NA,NA,14,14,13,10,0.2,0.2
2026-06-14T0600,1633A,117.8524,36.4848,淄博市,双山,细颗粒物(PM2.5),54,44,46,37,23,103,103,NA,NA,11,10,11,11,0.4,0.4
2026-06-14T0600,1634A,117.9595,36.6332,淄博市,气象站,细颗粒物(PM2.5),60,47,44,40,26,100,100,NA,NA,16,13,12,11,0.8,0.6
2026-06-14T0600,3363A,117.9883,36.8372,淄博市,新区,,50,NA,41,35,26,103,103,NA,NA,13,14,6,7,0.4,0.5
2026-06-14T0600,3644A,117.8662,36.8049,淄博市,三金集团,NA,NA,33,41,30,21,92,92,NA,NA,12,12,NA,7,0.4,0.5
2026-06-14T0600,3645A,118.0259,36.8409,淄博市,东风化工厂,颗粒物(PM10),52,52,62,34,24,94,94,NA,NA,10,12,6,7,0.6,0.6
2026-06-14T0600,4212A,118.3039243,36.82708161,淄博市,广场路1号,,40,NA,36,28,31,92,92,NA,NA,9,15,11,11,0.5,0.7
2026-06-14T0600,3028A,104.7765,29.3623,自贡市,檀木林体育馆,,48,45,28,33,18,91,91,NA,NA,13,12,11,10,0.4,0.3
2026-06-14T0600,3360A,104.7894,29.3197,自贡市,南湖救助站,颗粒物(PM10),68,75,47,38,19,63,63,NA,NA,14,11,11,10,0.3,0.3
2026-06-14T0600,3638A,104.7637,29.3373,自贡市,轻化工大学,细颗粒物(PM2.5),74,NA,27,47,24,70,70,NA,NA,13,12,11,10,0.5,0.5
2026-06-14T0600,4225A,104.714266,29.338571,自贡市,贡兴路74号,,49,39,27,34,18,34,34,NA,NA,11,7,9,9,0.3,0.2
2026-06-14T0600,1911A,106.9218,27.6872,遵义市,丁字口,,33,33,26,22,18,21,21,NA,NA,8,10,8,8,0.6,0.7
2026-06-14T0600,1912A,106.9241,27.7044,遵义市,凤凰山,,32,NA,23,22,17,23,23,NA,NA,14,10,3,3,0.6,0.6
2026-06-14T0600,1913A,106.8895,27.648,遵义市,忠庄,,34,34,25,21,20,16,16,NA,NA,13,12,2,2,0.5,0.4
2026-06-14T0600,1915A,106.9225,27.7253,遵义市,干田坝,,35,NA,29,24,15,15,15,NA,NA,12,10,3,1,0.7,0.6
2026-06-14T0600,4152A,107.0425,27.7087,遵义市,乌江大道东段1号,细颗粒物(PM2.5),84,70,28,52,20,34,34,NA,NA,9,13,5,5,1.3,0.5
2026-06-14T0600,4245A,106.8609,27.5969,遵义市,遵南大道1161号,,46,46,27,25,17,18,18,NA,NA,19,12,5,4,0.7,0.6
