timepoint,stationcode,longitude,latitude,area,positionname,primarypollutant,aqi,pm10,pm10_24h,pm2_5,pm2_5_24h,o3,o3_24h,o3_8h,o3_8h_24h,no2,no2_24h,so2,so2_24h,co,co_24h
2025-04-14T0600,2566A,102.1879,31.914,阿坝藏族羌族自治州,州农科所,,18,12,19,7,10,57,,,,3,7,11,13,0.4,0.4
2025-04-14T0600,2568A,102.2502,31.8896,阿坝藏族羌族自治州,马师校,,36,,17,25,15,53,,,,8,8,4,5,0.4,0.4
2025-04-14T0600,3994A,102.2165,31.9024,阿坝藏族羌族自治州,马尔康中学西区,,22,16,14,6,9,68,,,,2,4,4,4,0.1,0.2
2025-04-14T0600,2695A,80.292,41.1694,阿克苏地区,电视台,颗粒物(PM10),313,430,434,132,123,42,,,,26,24,6,7,0.5,0.5
2025-04-14T0600,2696A,80.2613,41.1551,阿克苏地区,艺术中心,颗粒物(PM10),358,466,449,150,121,3,,,,52,31,4,4,0.1,0.3
2025-04-14T0600,2204A,105.6467,38.8363,阿拉善盟,西城区西花园,,38,38,54,11,10,66,,,,14,9,19,18,0.9,0.8
2025-04-14T0600,2205A,105.6985,38.8411,阿拉善盟,蒙二幼,,23,20,52,3,13,72,,,,7,5,6,6,0.6,0.5
2025-04-14T0600,2206A,105.724,38.8516,阿拉善盟,环保局新楼,,31,15,40,3,12,97,,,,2,3,9,9,0.6,0.5
2025-04-14T0600,2708A,88.1264,47.8517,阿勒泰地区,市站,,31,,15,14,5,99,,,,2,5,2,2,0.2,0.2
2025-04-14T0600,2630A,80.1161,32.5,阿里地区,阿里监测站,,30,8,11,3,7,94,,,,2,6,4,6,0.4,0.4
2025-04-14T0600,3192A,80.0903,32.5028,阿里地区,阿里藏医院,,30,18,14,8,7,94,,,,4,4,10,8,0.5,0.5
2025-04-14T0600,2642A,109.0318,32.6537,安康市,香溪洞,颗粒物(PM10),130,210,301,70,100,64,,,,9,7,9,7,0.5,0.5
2025-04-14T0600,2644A,109.0072,32.6975,安康市,汉滨区检察院,颗粒物(PM10),117,184,293,80,115,33,,,,13,19,12,12,0.4,0.4
2025-04-14T0600,4054A,109.0325,32.6913,安康市,市邮政管理局,颗粒物(PM10),114,178,301,55,87,32,,,,14,20,12,10,0.4,0.5
2025-04-14T0600,2291A,117.0809,30.5177,安庆市,环科院,颗粒物(PM10),132,213,215,61,50,47,,,,26,19,11,9,0.6,0.5
2025-04-14T0600,2292A,117.0331,30.5119,安庆市,马山宾馆,颗粒物(PM10),130,210,200,68,59,50,,,,18,31,11,6,0.5,0.2
2025-04-14T0600,2294A,116.9896,30.6145,安庆市,安庆大学,颗粒物(PM10),135,220,217,60,53,70,,,,12,12,6,6,0.4,0.3
2025-04-14T0600,3173A,117.0598,30.5351,安庆市,市人大,颗粒物(PM10),138,226,213,65,48,53,,,,14,16,14,9,0.4,0.3
2025-04-14T0600,3122A,105.9606,26.2611,安顺市,伍家关,颗粒物(PM10),124,198,252,65,77,75,,,,7,8,17,8,0.4,0.3
2025-04-14T0600,3123A,105.9408,26.2431,安顺市,凤凰山,颗粒物(PM10),117,184,245,70,79,41,,,,28,18,20,12,0.5,0.4
2025-04-14T0600,3124A,105.9439,26.2564,安顺市,金钟山,颗粒物(PM10),132,213,255,76,73,68,,,,10,10,28,10,0.5,0.5
2025-04-14T0600,3125A,105.8983,26.2481,安顺市,娄家坡,颗粒物(PM10),124,197,226,72,72,72,,,,11,9,24,9,0.5,0.5
2025-04-14T0600,1818A,114.4839,36.0621,安阳市,棉研所,,,,,,,,,,,,,,,,
2025-04-14T0600,1819A,114.3551,36.1017,安阳市,红庙街,颗粒物(PM10),63,75,68,24,18,31,,,,23,9,4,4,0.5,0.4
2025-04-14T0600,1820A,114.361,36.0681,安阳市,银杏小区,颗粒物(PM10),60,70,85,25,23,33,,,,23,11,4,5,0.3,0.3
2025-04-14T0600,3141A,114.3922,36.0878,安阳市,信访局,颗粒物(PM10),60,69,76,21,24,48,,,,20,12,4,4,0.1,0.1
2025-04-14T0600,3669A,114.4705,36.0637,安阳市,左辅环卫站,颗粒物(PM10),69,87,94,18,21,47,,,,39,23,7,4,0.8,0.8
2025-04-14T0600,3703A,114.2917,36.0949,安阳市,安钢职工学校,颗粒物(PM10),69,88,101,26,24,34,,,,23,12,3,4,0.3,0.4
2025-04-14T0600,1748A,123.044,41.1196,鞍山市,深沟寺,,32,29,24,22,14,38,,,,18,16,11,11,0.9,0.7
2025-04-14T0600,1749A,123.011,41.0931,鞍山市,太阳城,,32,32,27,22,15,42,,,,15,12,3,4,1.0,0.8
2025-04-14T0600,1750A,123.0485,41.1442,鞍山市,太平,,36,36,30,21,13,40,,,,16,14,8,9,0.9,1
2025-04-14T0600,1751A,122.9642,41.0971,鞍山市,铁西三道街,细颗粒物(PM2.5),55,43,27,39,16,24,,,,41,17,14,4,2.2,0.7
2025-04-14T0600,1753A,123.022,41.0821,鞍山市,明达新区,,32,32,23,22,13,43,,,,15,12,6,6,0.8,0.5
2025-04-14T0600,1754A,123.1289,41.0228,鞍山市,千山,,,,20,,8,,,62,,,10,,3,,0.8
2025-04-14T0600,4201A,122.9446,41.0826,鞍山市,兴盛南路290号,颗粒物(PM10),51,51,28,35,14,21,,,,42,18,26,7,2.4,0.7
2025-04-14T0600,2195A,107.4212,40.761,巴彦淖尔市,附二中,,39,39,58,18,21,36,,,,30,10,8,7,0.5,0.4
2025-04-14T0600,2196A,107.37,40.7372,巴彦淖尔市,市环保大楼,,33,33,47,15,18,48,,,,17,10,6,6,0.3,0.3
2025-04-14T0600,1956A,86.1472,41.7538,巴音郭楞蒙古自治州,孔雀公园,颗粒物(PM10),157,263,271,62,61,8,,,,66,25,5,9,0.3,0.3
2025-04-14T0600,1957A,86.1972,41.7166,巴音郭楞蒙古自治州,棉纺厂,颗粒物(PM10),166,281,308,50,56,34,,,,26,24,3,3,0.3,0.3
2025-04-14T0600,1958A,86.2357,41.7173,巴音郭楞蒙古自治州,经济开发区,颗粒物(PM10),142,233,271,43,49,49,,,,14,15,5,5,0.4,0.3
2025-04-14T0600,2914A,106.7677,31.8794,巴中市,苏山坪,颗粒物(PM10),165,280,318,86,106,83,,,,10,10,5,4,0.3,0.2
2025-04-14T0600,3181A,106.7768,31.8526,巴中市,市五中,颗粒物(PM10),140,230,308,73,86,22,,,,28,20,6,5,0.7,0.6
2025-04-14T0600,3183A,106.7418,31.8654,巴中市,圣泉水务公司,颗粒物(PM10),102,153,273,67,87,37,,,,19,26,2,2,0.7,0.7
2025-04-14T0600,3616A,106.7616,31.8344,巴中市,市中心医院,颗粒物(PM10),126,201,290,72,94,9,,,,34,23,6,6,0.6,0.5
2025-04-14T0600,2235A,122.7911,45.6077,白城市,洮北区环保局,,28,24,18,3,13,87,,,,7,8,4,2,0.2,0.2
2025-04-14T0600,2236A,122.8738,45.5725,白城市,市环保局,,27,12,10,8,11,86,,,,2,3,6,5,0.4,0.4
2025-04-14T0600,2231A,126.4219,41.9171,白山市,喜丰,,,33,20,14,10,46,,,,,9,13,12,1.2,1.2
2025-04-14T0600,2232A,126.4077,41.9419,白山市,环保局,,48,48,29,10,8,37,,,,14,10,6,6,1.2,1.2
2025-04-14T0600,2647A,104.1724,36.5446,白银市,第三小学,颗粒物(PM10),62,74,144,26,35,60,,,,16,9,9,10,0.5,0.3
2025-04-14T0600,2648A,104.1465,36.5482,白银市,动力公司,颗粒物(PM10),58,66,128,30,38,51,,,,18,9,4,5,0.5,0.4
2025-04-14T0600,2512A,106.6103,23.9011,百色市,市监测站,颗粒物(PM10),125,199,275,68,79,42,,,,17,19,8,10,0.3,0.3
2025-04-14T0600,2513A,106.6538,23.8859,百色市,市中心血站,颗粒物(PM10),154,257,330,91,88,31,,,,37,25,22,8,0.5,0.5
2025-04-14T0600,3406A,106.6085,23.8798,百色市,祈福高中,颗粒物(PM10),137,224,306,68,76,34,,,,22,22,5,7,0.3,0.2
2025-04-14T0600,2270A,117.396,32.939,蚌埠市,工人疗养院,颗粒物(PM10),67,84,152,17,40,72,,,,18,14,6,5,0.5,0.5
2025-04-14T0600,2271A,117.3605,32.9427,蚌埠市,百货大楼,颗粒物(PM10),73,95,153,21,45,59,,,,30,20,8,6,0.4,0.4
2025-04-14T0600,2273A,117.4185,32.8911,蚌埠市,蚌埠学院,颗粒物(PM10),69,88,160,17,32,76,,,,15,13,5,4,0.5,0.4
2025-04-14T0600,2274A,117.3533,32.9673,蚌埠市,淮上区政府,颗粒物(PM10),71,92,161,19,40,58,,,,29,17,8,5,0.4,0.3
2025-04-14T0600,2275A,117.3145,32.8977,蚌埠市,高新区,颗粒物(PM10),63,75,158,18,44,74,,,,17,18,7,6,0.4,0.4
2025-04-14T0600,3715A,117.3092,32.9314,蚌埠市,蚌埠田家炳中学,颗粒物(PM10),77,103,168,26,37,63,,,,27,25,8,6,0.4,0.3
2025-04-14T0600,1585A,109.8756,40.6532,包头市,市环境监测站,,25,10,52,10,12,78,,,,8,8,10,10,0.5,0.4
2025-04-14T0600,1587A,109.9991,40.5842,包头市,包头八中,,19,19,67,9,8,40,,,,28,12,12,10,0.5,0.4
2025-04-14T0600,1588A,109.8538,40.6821,包头市,青山宾馆,,18,9,40,7,8,56,,,,9,6,10,9,0.4,0.4
2025-04-14T0600,1589A,109.8642,40.6288,包头市,惠龙物流,,26,6,46,3,14,83,,,,8,6,8,7,0.4,0.3
2025-04-14T0600,1590A,110.0377,40.5546,包头市,东河鸿龙湾,,21,12,43,7,5,24,,,,42,16,9,8,0.4,0.2
2025-04-14T0600,3283A,109.9154,40.5685,包头市,滨河大厦,,33,,38,6,7,8,,,,66,13,14,10,0.6,0.4
2025-04-14T0600,3419A,109.9447,40.6261,包头市,包头市委党校,,24,13,48,3,5,74,,,,9,5,10,7,0.5,0.4
2025-04-14T0600,3683A,109.8331,40.6576,包头市,昆区政府,,23,12,47,3,7,71,,,,14,8,6,6,0.6,0.5
2025-04-14T0600,1930A,107.185,34.3063,宝鸡市,庙沟村,颗粒物(PM10),67,84,164,28,40,91,,,,2,4,7,6,0.4,0.4
2025-04-14T0600,1931A,107.0708,34.3017,宝鸡市,竹园沟,颗粒物(PM10),65,80,168,38,57,64,,,,7,8,6,6,0.4,0.4
2025-04-14T0600,1932A,107.1906,34.3672,宝鸡市,三陆医院,颗粒物(PM10),86,121,195,43,62,26,,,,35,22,8,4,0.5,0.5
2025-04-14T0600,1933A,107.1431,34.3547,宝鸡市,监测站,颗粒物(PM10),75,100,191,50,99,44,,,,11,15,7,7,0.5,0.5
2025-04-14T0600,1934A,107.1186,34.3739,宝鸡市,技工学校,颗粒物(PM10),83,116,192,45,59,52,,,,6,12,6,5,0.6,0.5
2025-04-14T0600,1935A,107.3906,34.3528,宝鸡市,陈仓区环保局家属楼,颗粒物(PM10),93,135,179,47,48,34,,,,27,15,10,22,0.4,0.3
2025-04-14T0600,1936A,107.2058,34.3497,宝鸡市,文理学院,颗粒物(PM10),92,133,199,61,74,47,,,,16,13,7,5,0.3,0.3
2025-04-14T0600,1937A,107.2386,34.3622,宝鸡市,三迪小学,细颗粒物(PM2.5),134,150,202,102,55,39,,,,25,16,8,5,0.6,0.6
2025-04-14T0600,1051A,115.493,38.8632,保定市,游泳馆,,36,36,58,12,15,96,,,,10,9,1,2,0.1,0.1
2025-04-14T0600,1052A,115.5213,38.8959,保定市,华电二区,,,32,52,14,21,,,,,3,2,3,3,0,0
2025-04-14T0600,1053A,115.4713,38.9108,保定市,接待中心,,31,31,61,15,17,92,,,,6,4,2,2,0.1,0
2025-04-14T0600,1054A,115.4612,38.8416,保定市,地表水厂,,37,37,81,14,16,97,,,,12,10,3,3,0.4,0.3
2025-04-14T0600,3581A,115.31981,38.95208,保定市,满城区生态环境分局,,33,19,69,14,14,105,,,,6,6,2,2,0.1,0.1
2025-04-14T0600,3582A,115.47694,38.76408,保定市,清苑区第二中学,,36,36,86,18,15,90,,,,12,7,3,3,0.3,0.2
2025-04-14T0600,3583A,115.62909,39.02311,保定市,徐水物探局,,29,29,73,7,18,81,,,,11,7,3,3,0.0,0
2025-04-14T0600,4004A,115.4202,38.8656,保定市,双鹰农机,,34,34,72,19,20,93,,,,7,4,2,2,0.1,0.1
2025-04-14T0600,4034A,115.5150,38.8590,保定市,植保所站,,34,34,66,18,25,93,,,,5,3,3,3,0.5,0.4
2025-04-14T0600,2594A,99.1678,25.1081,保山市,市环境监测站,,42,,24,29,15,24,,,,9,10,12,11,0.5,0.5
2025-04-14T0600,2595A,99.1711,25.1328,保山市,市环保局,,22,22,23,8,13,41,,,,6,6,6,6,0.5,0.5
2025-04-14T0600,1866A,109.2262,21.588,北海市,牛尾岭水库,颗粒物(PM10),139,228,234,62,67,16,,,,29,20,7,6,0.5,0.5
2025-04-14T0600,1867A,109.1436,21.4086,北海市,海滩公园,颗粒物(PM10),220,364,345,90,83,49,,,,25,19,21,10,0.4,0.4
2025-04-14T0600,1868A,109.0981,21.4661,北海市,新市环保局,颗粒物(PM10),198,345,329,97,83,40,,,,32,18,18,7,0.5,0.3
2025-04-14T0600,1869A,109.1778,21.5233,北海市,北海工业园,颗粒物(PM10),195,339,330,103,94,38,,,,26,19,17,11,0.5,0.4
2025-04-14T0600,3400A,109.1911,21.4415,北海市,龙潭自来水厂,颗粒物(PM10),191,332,318,90,92,29,,,,26,21,12,10,0.4,0.3
2025-04-14T0600,1001A,116.3621,39.8784,北京市,万寿西宫,,34,34,74,13,17,101,,,,8,8,6,6,0.5,0.5
2025-04-14T0600,1002A,116.2202,40.2915,北京市,定陵,,,,,,,,,,,,,,,,
2025-04-14T0600,1003A,116.4174,39.9289,北京市,东四,,33,33,83,12,16,90,,,,7,5,6,6,0.3,0.3
2025-04-14T0600,1004A,116.4072,39.8863,北京市,天坛,,35,35,72,13,16,89,,,,7,7,3,3,0.4,0.4
2025-04-14T0600,1005A,116.462,39.9365,北京市,农展馆,,29,27,84,10,18,90,,,,7,4,6,6,0.3,0.3
2025-04-14T0600,1006A,116.3392,39.9295,北京市,官园,,37,37,77,13,16,86,,,,4,3,6,6,0.3,0.3
2025-04-14T0600,1007A,116.2878,39.9611,北京市,海淀万柳,,,,66,,16,,,73,,,9,,3,,0.5
2025-04-14T0600,1008A,116.6636,40.135,北京市,顺义新城,,30,27,111,6,19,94,,,,1,1,5,5,0.3,0.3
2025-04-14T0600,1009A,116.6275,40.3275,北京市,怀柔镇,,27,19,107,9,29,85,,,,4,2,2,2,0.3,0.3
2025-04-14T0600,1010A,116.2296,40.217,北京市,昌平镇,,30,25,79,7,15,93,,,,6,3,1,2,0.5,0.5
2025-04-14T0600,1011A,116.3966,39.9821,北京市,奥体中心,,30,30,78,11,19,83,,,,11,6,3,3,0.3,0.3
2025-04-14T0600,3281A,115.9718,40.4529,北京市,延庆夏都,,34,27,71,9,17,106,,,,3,2,5,5,0.3,0.3
2025-04-14T0600,3418A,116.8336,40.4095,北京市,密云新城,,30,16,87,7,19,96,,,,3,3,2,2,0.3,0.3
2025-04-14T0600,3671A,116.088,39.9726,北京市,门头沟三家店,颗粒物(PM10),54,58,83,20,16,84,,,,2,2,4,4,0.3,0.3
2025-04-14T0600,3672A,116.1541,39.8204,北京市,丰台云岗,,42,42,79,17,23,95,,,,1,2,1,1,0.2,0.2
2025-04-14T0600,3673A,116.6804,39.9081,北京市,通州东关,,36,36,137,13,26,92,,,,2,2,3,4,0.5,0.5
2025-04-14T0600,3674A,115.9577,39.7603,北京市,房山燕山,颗粒物(PM10),54,57,79,20,15,93,,,,1,2,4,4,0.3,0.3
2025-04-14T0600,3675A,116.4672,39.7733,北京市,大兴旧宫,,45,,71,31,20,91,,,,3,2,3,3,0.1,0.1
2025-04-14T0600,3694A,115.986,40.4563,北京市,延庆石河营,,34,28,73,9,13,106,,,,3,3,4,4,0.3,0.3
2025-04-14T0600,3695A,116.6151,40.3053,北京市,怀柔新城,,28,23,97,6,19,88,,,,2,2,1,1,0.4,0.4
2025-04-14T0600,3696A,116.2545,39.8768,北京市,丰台小屯,,28,27,67,9,12,87,,,,2,2,1,1,0.2,0.2
2025-04-14T0600,3697A,116.84,40.3844,北京市,密云镇,,31,14,83,3,14,98,,,,2,2,4,3,0.4,0.3
2025-04-14T0600,4182A,116.1942,39.9158,北京市,八角北路9号,,35,35,69,15,17,94,,,,1,2,3,2,0.1,0
2025-04-14T0600,4194A,117.0790,40.1518,北京市,洳河巡河路,,,,81,,12,,,84,,,3,,1,,0.2
2025-04-14T0600,1761A,123.8275,41.3064,本溪市,大峪,,21,21,30,11,19,44,,,,17,18,4,5,0.5,0.6
2025-04-14T0600,1762A,123.7567,41.3325,本溪市,溪湖,,22,20,26,15,20,54,,,,11,15,6,7,0.6,0.7
2025-04-14T0600,1763A,123.7169,41.3094,本溪市,彩屯,,25,22,26,17,18,49,,,,20,16,8,8,0.7,0.9
2025-04-14T0600,1764A,123.7669,41.2864,本溪市,东明,,20,17,28,14,15,49,,,,15,15,5,6,0.8,0.8
2025-04-14T0600,1765A,123.7992,41.2664,本溪市,新立屯,,18,13,23,12,17,53,,,,14,20,7,7,0.6,0.6
2025-04-14T0600,1766A,123.8142,41.3472,本溪市,威宁,,23,20,29,16,18,45,,,,11,10,4,4,0.6,0.7
2025-04-14T0600,2587A,105.2864,27.3125,毕节市,八中,颗粒物(PM10),86,122,152,41,46,42,,,,10,11,5,8,0.3,0.3
2025-04-14T0600,2588A,105.31,27.2944,毕节市,师专,颗粒物(PM10),81,111,162,46,58,38,,,,16,17,7,10,0.5,0.4
2025-04-14T0600,4263A,105.3688,27.3598,毕节市,工业大道,颗粒物(PM10),91,132,168,46,50,28,,,,23,20,9,10,0.4,0.3
2025-04-14T0600,1629A,118.0018,37.3617,滨州市,第二水厂,颗粒物(PM10),74,97,88,24,11,54,,,,19,11,12,8,0.1,0
2025-04-14T0600,1630A,117.9776,37.393,滨州市,北中新校,颗粒物(PM10),63,75,66,17,23,55,,,,20,10,6,4,0.7,0.6
2025-04-14T0600,3514A,117.9378,37.3956,滨州市,中海酒店,颗粒物(PM10),63,75,65,24,19,45,,,,22,8,9,8,0.6,0.5
2025-04-14T0600,3515A,117.9378,37.3553,滨州市,开发区一中,颗粒物(PM10),76,102,95,17,18,51,,,,24,15,22,23,0.3,0.3
2025-04-14T0600,3516A,118.0917,37.694,滨州市,金海六路,颗粒物(PM10),52,54,91,9,18,72,,,,10,10,6,8,0.4,0.4
2025-04-14T0600,4028A,117.9956,37.3753,滨州市,滨州市西街道办事处,颗粒物(PM10),68,85,75,24,41,63,,,,17,10,6,6,0.3,0.3
2025-04-14T0600,2311A,115.8072,33.8399,亳州市,污水处理厂,颗粒物(PM10),62,74,128,23,26,61,,,,22,15,3,3,0.3,0.3
2025-04-14T0600,2312A,115.7789,33.8518,亳州市,三国揽胜宫,颗粒物(PM10),61,72,121,14,22,61,,,,21,16,4,4,0.2,0.1
2025-04-14T0600,3332A,115.7633,33.8034,亳州市,亳州学院,颗粒物(PM10),61,72,123,19,21,64,,,,18,14,4,4,0.3,0.3
2025-04-14T0600,2693A,82.0485,44.8556,博尔塔拉蒙古自治州,市党校,颗粒物(PM10),90,129,92,48,26,62,,,,18,28,2,3,0.3,0.3
2025-04-14T0600,2694A,82.0806,44.8969,博尔塔拉蒙古自治州,市环保局,颗粒物(PM10),95,140,116,15,18,54,,,,14,18,2,2,0.4,0.5
2025-04-14T0600,1071A,116.8842,38.2991,沧州市,沧县城建局,颗粒物(PM10),52,53,84,23,20,75,,,,12,11,2,2,0.1,0
2025-04-14T0600,1072A,116.8584,38.3254,沧州市,电视转播站,颗粒物(PM10),52,54,87,12,25,75,,,,13,12,6,4,0.2,0.2
2025-04-14T0600,1073A,116.8709,38.3228,沧州市,市环保局,颗粒物(PM10),51,51,78,22,20,76,,,,12,11,6,6,0.3,0.3
2025-04-14T0600,3324A,116.8136,38.3004,沧州市,河北水利电力学院,,44,44,103,22,15,81,,,,15,14,6,6,0.3,0.2
2025-04-14T0600,2622A,97.1806,31.1273,昌都市,昌都监测站,,12,,9,3,8,36,,,,4,6,2,2,0.2,0.2
2025-04-14T0600,3719A,97.1714,31.1406,昌都市,昌都会议中心,,13,6,10,3,7,41,,,,5,7,2,2,0.1,0.2
2025-04-14T0600,2690A,88.1236,43.8886,昌吉回族自治州,天山天池,颗粒物(PM10),60,70,41,14,10,92,,,,4,4,4,4,0.5,0.5
2025-04-14T0600,2692A,87.2717,44.0297,昌吉回族自治州,新区政务中心,颗粒物(PM10),55,59,59,14,14,98,,,,10,9,13,9,1.2,0.5
2025-04-14T0600,3613A,87.3095,44.0142,昌吉回族自治州,亚心广场,颗粒物(PM10),56,61,83,9,12,93,,,,13,13,11,9,1.8,0.5
2025-04-14T0600,1119A,125.3325,43.9166,长春市,食品厂,,23,,18,16,17,44,,,,23,19,6,7,0.3,0.4
2025-04-14T0600,1120A,125.2863,43.9027,长春市,客车厂,,23,,15,16,15,38,,,,28,22,5,4,0.4,0.4
2025-04-14T0600,1121A,125.2841,43.8463,长春市,邮电学院,,29,,12,20,13,38,,,,13,17,5,5,0.4,0.4
2025-04-14T0600,1122A,125.3716,43.8772,长春市,劳动公园,,29,,18,20,15,44,,,,21,17,6,6,0.3,0.3
2025-04-14T0600,1123A,125.3297,43.8805,长春市,园林处,,29,,16,20,15,55,,,,14,15,6,6,0.4,0.5
2025-04-14T0600,1124A,125.4605,43.79,长春市,净月潭,,20,14,10,14,9,44,,,,11,18,5,5,0.2,0.2
2025-04-14T0600,1125A,125.7194,43.515,长春市,甩湾子,,,,,,,,,,,,,,,,
2025-04-14T0600,1126A,125.3863,43.8447,长春市,经开区环卫处,,20,,14,14,10,26,,,,29,18,5,5,0.4,0.4
2025-04-14T0600,1127A,125.245,43.7783,长春市,高新区管委会,,26,18,12,18,13,46,,,,15,14,6,6,0.3,0.3
2025-04-14T0600,1128A,125.1761,43.8325,长春市,岱山公园,,29,,13,20,13,32,,,,32,17,4,4,0.4,0.4
2025-04-14T0600,1335A,113.0833,28.2325,长沙市,经开区环保局,颗粒物(PM10),155,259,269,72,77,42,,,,26,20,11,8,0.7,0.5
2025-04-14T0600,1336A,112.8872,28.2189,长沙市,高开区环保局,颗粒物(PM10),161,271,269,73,63,66,,,,10,9,15,7,0.4,0.5
2025-04-14T0600,1337A,113.0792,28.2053,长沙市,马坡岭,颗粒物(PM10),157,264,268,76,78,44,,,,26,20,8,6,0.7,0.6
2025-04-14T0600,1338A,112.9394,28.19,长沙市,湖南师范大学,颗粒物(PM10),154,258,262,71,65,51,,,,17,17,7,7,0.4,0.4
2025-04-14T0600,1339A,113.0178,28.1322,长沙市,雨花区环保局,颗粒物(PM10),159,268,267,83,77,38,,,,29,19,16,9,0.8,0.5
2025-04-14T0600,1340A,112.9792,28.2597,长沙市,伍家岭,颗粒物(PM10),163,275,273,68,64,11,,,,45,21,4,5,0.4,0.4
2025-04-14T0600,1341A,113.0014,28.1944,长沙市,火车新站,颗粒物(PM10),161,272,276,73,66,59,,,,20,20,9,9,0.4,0.5
2025-04-14T0600,1342A,112.9844,28.1178,长沙市,天心区环保局,颗粒物(PM10),157,263,266,84,74,42,,,,29,19,14,7,0.9,0.4
2025-04-14T0600,1343A,112.8908,28.1308,长沙市,湖南中医药大学,颗粒物(PM10),161,272,269,69,58,51,,,,21,21,5,5,0.4,0.3
2025-04-14T0600,1344A,112.9581,28.3611,长沙市,沙坪,颗粒物(PM10),151,252,249,81,75,29,,,,20,14,7,6,0.6,0.5
2025-04-14T0600,1727A,113.1147,36.1547,长治市,清华站,,28,28,68,3,13,76,,,,11,8,8,5,0.8,0.6
2025-04-14T0600,1730A,113.0886,36.2125,长治市,审计局,,23,22,55,9,11,73,,,,17,13,12,8,0.4,0.2
2025-04-14T0600,1731A,113.0844,36.1856,长治市,长治八中,,31,31,72,9,26,76,,,,16,11,14,9,0.5,0.4
2025-04-14T0600,2845A,113.1569,36.1911,长治市,德盛苑,,26,26,67,3,11,74,,,,10,8,8,6,0.8,0.4
2025-04-14T0600,3568A,113.06,36.0464,长治市,向阳小学,,36,36,84,12,16,77,,,,15,13,12,11,0.3,0.2
2025-04-14T0600,3569A,112.8792,36.3144,长治市,屯留一中,,26,26,64,3,10,67,,,,21,14,12,11,0.4,0.3
2025-04-14T0600,4189A,113.1131,36.19948,长治市,英华南巷50号,,25,25,67,9,11,79,,,,10,10,10,6,0.9,0.5
2025-04-14T0600,4190A,113.2367,36.3344,长治市,学府街1号,,37,37,82,8,18,81,,,,8,7,6,3,0.5,0.4
2025-04-14T0600,1854A,111.6975,28.9703,常德市,市二中,颗粒物(PM10),143,236,263,80,79,70,,,,7,10,5,5,0.4,0.4
2025-04-14T0600,1857A,111.7158,29.1456,常德市,白鹤山,,,,,,,,,,,,,,,,
2025-04-14T0600,3138A,111.7153,29.0289,常德市,武陵区永安,颗粒物(PM10),173,296,309,86,82,82,,,,7,10,4,4,0.4,0.4
2025-04-14T0600,3139A,111.6892,28.9881,常德市,鼎城区玉霞,颗粒物(PM10),145,239,266,74,75,75,,,,8,11,3,3,0.5,0.5
2025-04-14T0600,3140A,111.6625,29.0531,常德市,武陵区长庚,颗粒物(PM10),156,262,297,78,85,75,,,,5,7,5,6,0.4,0.4
2025-04-14T0600,1196A,119.9633,31.762,常州市,市监测站,颗粒物(PM10),122,194,143,46,30,62,,,,31,19,9,9,0.7,0.5
2025-04-14T0600,1200A,119.9468,31.7069,常州市,武进监测站,颗粒物(PM10),108,165,136,44,36,52,,,,32,19,14,12,0.3,0.2
2025-04-14T0600,1201A,119.9255,31.9087,常州市,安家,颗粒物(PM10),96,142,136,33,28,38,,,,36,18,10,9,0.6,0.5
2025-04-14T0600,3002A,119.9805,31.8174,常州市,行政中心,颗粒物(PM10),95,140,97,43,25,63,,,,25,17,18,16,0.5,0.4
2025-04-14T0600,3003A,120.0522,31.7748,常州市,经开区,颗粒物(PM10),104,158,149,47,26,68,,,,26,19,10,8,0.5,0.5
2025-04-14T0600,3010A,119.9025,31.7964,常州市,钟楼,颗粒物(PM10),116,181,134,45,28,56,,,,32,18,8,9,0.3,0.5
2025-04-14T0600,3429A,119.8598,31.7066,常州市,武进经发区,颗粒物(PM10),128,206,159,63,39,56,,,,24,15,11,10,0.8,0.6
2025-04-14T0600,3430A,119.5826,31.7245,常州市,金坛城区,颗粒物(PM10),135,220,150,61,39,64,,,,21,12,12,9,0.6,0.5
2025-04-14T0600,2220A,120.4318,41.5881,朝阳市,西梁,,29,6,17,3,1,91,,,,8,6,14,11,0.3,0.3
2025-04-14T0600,2221A,120.4521,41.5646,朝阳市,河畔小区,,31,,14,3,4,99,,,,4,7,7,7,0.5,0.5
2025-04-14T0600,2222A,120.4176,41.5648,朝阳市,八里堡,,30,,17,3,5,94,,,,7,7,7,7,0.5,0.5
2025-04-14T0600,2223A,120.3806,41.5969,朝阳市,农业园区,,32,,15,3,4,100,,,,4,5,8,8,0.5,0.4
2025-04-14T0600,1705A,116.6367,23.6719,潮州市,西园路,,,,,,,,,,,,,,,,
2025-04-14T0600,3026A,116.6183,23.6608,潮州市,市政府,颗粒物(PM10),72,93,148,28,41,31,,,,24,22,8,9,1.2,0.7
2025-04-14T0600,4036A,116.6461,23.6761,潮州市,金山,颗粒物(PM10),55,60,135,24,39,29,,,,16,20,6,8,0.4,0.4
2025-04-14T0600,2472A,113.0073,25.9061,郴州市,马头岭,颗粒物(PM10),93,135,254,31,46,15,,,,19,14,7,8,0.7,0.6
2025-04-14T0600,2473A,113.0116,25.8226,郴州市,市职中,颗粒物(PM10),88,126,235,38,59,18,,,,16,18,2,3,0.5,0.5
2025-04-14T0600,2475A,113.0383,25.8071,郴州市,市审计局,颗粒物(PM10),104,158,231,42,58,41,,,,16,19,4,5,0.4,0.4
2025-04-14T0600,2476A,113.0348,25.7759,郴州市,市环保局,颗粒物(PM10),115,179,250,49,65,29,,,,17,17,3,4,0.4,0.3
2025-04-14T0600,4252A,113.0138,25.8011,郴州市,好美居路49号,颗粒物(PM10),81,112,195,45,67,17,,,,17,21,2,3,0.5,0.5
2025-04-14T0600,1431A,103.9728,30.7236,成都市,金泉两河,颗粒物(PM10),71,92,182,42,45,1,,,,43,31,2,2,1.1,0.9
2025-04-14T0600,1432A,104.176,30.6872,成都市,十里店,颗粒物(PM10),94,138,206,46,55,3,,,,59,37,4,3,1.0,0.8
2025-04-14T0600,1433A,104.079,30.5706,成都市,三瓦窑,颗粒物(PM10),88,126,212,47,54,4,,,,64,46,6,6,0.9,0.7
2025-04-14T0600,1434A,104.1114,30.63,成都市,沙河铺,颗粒物(PM10),93,136,192,48,56,3,,,,42,32,6,6,1.2,0.9
2025-04-14T0600,1437A,104.0786,30.6531,成都市,君平街,颗粒物(PM10),72,93,172,48,60,8,,,,63,45,8,7,1.1,0.9
2025-04-14T0600,1438A,103.613,31.0283,成都市,灵岩寺,,,,,,,,,,,,,,,,
2025-04-14T0600,2880A,104.0239,30.65639,成都市,大石西路,颗粒物(PM10),70,90,176,42,54,2,,,,54,43,4,5,1.0,0.9
2025-04-14T0600,3136A,104.2725,30.5589,成都市,龙泉驿区区政府,颗粒物(PM10),86,122,234,31,51,63,,,,15,18,4,4,0.5,0.5
2025-04-14T0600,3357A,104.0106,30.6931,成都市,金博路,颗粒物(PM10),73,95,173,44,47,1,,,,56,42,7,7,0.7,0.5
2025-04-14T0600,3359A,104.0578,30.5225,成都市,华阳,颗粒物(PM10),85,119,198,61,64,10,,,,54,42,6,6,1.0,1
2025-04-14T0600,3488A,104.3853,30.7453,成都市,青白江技师分院,颗粒物(PM10),103,156,226,50,67,13,,,,62,36,8,7,0.5,0.4
2025-04-14T0600,3489A,104.0789,30.4072,成都市,科学城,颗粒物(PM10),92,133,221,45,62,13,,,,35,26,4,4,0.4,0.3
2025-04-14T0600,4011A,103.8506,30.6947,成都市,光华大道三段,颗粒物(PM10),67,84,162,36,48,30,,,,28,32,1,1,0.7,0.7
2025-04-14T0600,4224A,104.2433,30.5353,成都市,鲸龙路1057号,颗粒物(PM10),102,154,259,42,64,32,,,,52,39,4,4,0.4,0.5
2025-04-14T0600,1062A,117.9531,40.9081,承德市,铁路,,29,19,43,17,6,91,,,,3,2,7,7,0.2,0.2
2025-04-14T0600,1063A,117.9392,40.9763,承德市,中国银行,,29,19,36,3,4,91,,,,1,2,3,3,0.2,0.2
2025-04-14T0600,1064A,117.9503,40.928,承德市,开发区,,29,28,41,12,16,90,,,,4,4,7,7,0.2,0.2
2025-04-14T0600,1065A,117.8051,40.9655,承德市,文化中心,,34,34,44,9,7,93,,,,3,3,7,6,0.2,0.3
2025-04-14T0600,1066A,117.9268,41.0026,承德市,离宫,,,,,,,,,,,,,,,,
2025-04-14T0600,2314A,117.47,30.6618,池州市,池州学院,颗粒物(PM10),132,213,202,70,65,57,,,,18,10,7,6,0.3,0.3
2025-04-14T0600,3237A,117.4918,30.6617,池州市,展览馆,颗粒物(PM10),130,209,201,68,57,55,,,,20,10,6,6,0.4,0.4
2025-04-14T0600,3333A,117.5627,30.695,池州市,第八中学,颗粒物(PM10),135,220,214,59,52,57,,,,18,8,14,8,0.5,0.4
2025-04-14T0600,3334A,117.5038,30.6243,池州市,第十二中学,颗粒物(PM10),131,211,220,72,59,44,,,,27,10,8,7,1.0,0.7
2025-04-14T0600,1744A,118.9233,42.2816,赤峰市,松山一中,,35,6,26,3,3,112,,,,8,10,10,9,0.4,0.4
2025-04-14T0600,1745A,118.9576,42.2728,赤峰市,哈达街,,32,11,22,3,4,102,,,,6,9,11,9,0.5,0.5
2025-04-14T0600,1746A,118.8788,42.2554,赤峰市,天义路,,32,9,16,6,7,102,,,,8,8,8,7,0.1,0.2
2025-04-14T0600,3058A,119.2658,42.0353,赤峰市,银河街,,29,14,35,12,8,90,,,,8,7,18,16,0.6,0.4
2025-04-14T0600,3286A,118.9359,42.3147,赤峰市,桥北物流园区,,29,12,20,11,7,92,,,,1,4,9,8,0.7,0.7
2025-04-14T0600,2521A,107.3476,22.4136,崇左市,市环保局江州分局,颗粒物(PM10),140,230,314,63,72,31,,,,20,15,5,7,0.4,0.3
2025-04-14T0600,4256A,107.3750,22.3736,崇左市,石景林东路7号,颗粒物(PM10),133,216,294,56,67,39,,,,20,15,5,6,0.5,0.5
2025-04-14T0600,2298A,118.3093,32.3153,滁州市,老年大学,颗粒物(PM10),55,60,126,21,40,90,,,,13,11,3,4,0.2,0.2
2025-04-14T0600,2299A,118.3244,32.2786,滁州市,人大宾馆,颗粒物(PM10),66,81,146,16,36,92,,,,10,10,8,8,0.3,0.3
2025-04-14T0600,3207A,118.3118,32.3038,滁州市,市政府原办公楼,颗粒物(PM10),54,57,123,27,34,87,,,,7,5,4,4,0.2,0.2
2025-04-14T0600,3331A,118.3267,32.2634,滁州市,图书馆,颗粒物(PM10),64,77,130,24,36,92,,,,8,8,7,7,0.3,0.3
2025-04-14T0600,2605A,101.5482,25.0441,楚雄彝族自治州,州环境监测站,颗粒物(PM10),55,59,52,31,25,21,,,,29,12,10,8,0.5,0.4
2025-04-14T0600,2606A,101.538,25.0492,楚雄彝族自治州,市经济开发区,,38,37,51,26,23,19,,,,29,12,7,7,0.6,0.5
2025-04-14T0600,2548A,107.5277,31.2827,达州市,达州职业技术学院,颗粒物(PM10),126,202,336,60,100,9,,,,23,26,5,6,0.1,0.2
2025-04-14T0600,2549A,107.5086,31.2186,达州市,市环境监测站,颗粒物(PM10),143,236,352,66,89,16,,,,30,33,4,5,0.5,0.5
2025-04-14T0600,2550A,107.4988,31.2132,达州市,凤凰小区,颗粒物(PM10),151,251,372,78,97,24,,,,28,32,6,7,0.3,0.3
2025-04-14T0600,2551A,107.5082,31.1986,达州市,达县机关宾馆,颗粒物(PM10),152,254,385,80,106,17,,,,29,34,4,5,0.4,0.4
2025-04-14T0600,2552A,107.4644,31.2124,达州市,市政中心,颗粒物(PM10),145,240,360,66,94,16,,,,32,34,2,2,0.4,0.4
2025-04-14T0600,2614A,100.1542,25.7054,大理白族自治州,大理市环境监测站,,20,20,15,10,14,64,,,,11,9,7,7,0.6,0.6
2025-04-14T0600,2615A,100.2171,25.5811,大理白族自治州,大理古城,,32,,21,22,14,47,,,,12,14,7,7,0.4,0.5
2025-04-14T0600,1109A,121.612,38.9741,大连市,甘井子,,29,14,25,3,6,90,,,,11,10,5,5,0.3,0.3
2025-04-14T0600,1110A,121.565,38.9511,大连市,周水子,,26,13,25,3,6,81,,,,5,7,6,6,0.2,0.3
2025-04-14T0600,1111A,121.5637,38.8845,大连市,星海三站,,28,17,27,6,6,89,,,,2,2,6,8,0.2,0.3
2025-04-14T0600,1112A,121.6302,38.9117,大连市,青泥洼桥,,28,13,24,3,6,89,,,,8,9,8,8,0.4,0.3
2025-04-14T0600,1113A,121.6251,38.8638,大连市,傅家庄,,27,17,29,3,6,84,,,,10,10,6,6,0.2,0.2
2025-04-14T0600,1114A,121.5213,38.8661,大连市,七贤岭,,27,10,24,3,5,86,,,,11,9,4,5,0.1,0.4
2025-04-14T0600,1115A,121.2529,38.8061,大连市,旅顺,,24,15,28,3,6,76,,,,8,11,7,7,0.4,0.4
2025-04-14T0600,1116A,121.7485,39.1311,大连市,金州,,28,13,21,7,7,88,,,,12,11,6,6,0.3,0.3
2025-04-14T0600,1117A,121.7811,39.0496,大连市,开发区,,26,17,27,7,7,82,,,,6,8,7,8,0.6,0.5
2025-04-14T0600,1118A,121.9762,39.0631,大连市,双D港,,30,7,16,6,6,93,,,,2,2,8,8,0.3,0.3
2025-04-14T0600,1789A,124.81117,46.03138,大庆市,大同区,,32,,32,22,23,62,,,,6,7,5,5,0.5,0.5
2025-04-14T0600,1790A,125.129,46.533,大庆市,龙凤区,,35,35,38,19,16,64,,,,8,8,5,5,0.4,0.4
2025-04-14T0600,1791A,124.902,46.408,大庆市,红岗区,,39,,24,27,24,60,,,,11,9,8,8,0.4,0.4
2025-04-14T0600,1792A,125.153,46.586,大庆市,萨尔图区,,29,29,30,13,17,60,,,,7,9,7,8,0.3,0.4
2025-04-14T0600,1793A,124.9042,46.6215,大庆市,让胡路区,,29,22,25,20,22,56,,,,11,10,6,5,0.2,0.3
2025-04-14T0600,3481A,125.141,46.634,大庆市,萨区政府监测点,,29,29,29,3,8,57,,,,4,5,5,6,0.3,0.4
2025-04-14T0600,1721A,113.3819,40.1097,大同市,果树场,,24,24,24,13,12,52,,,,17,7,12,9,0.6,0.4
2025-04-14T0600,1723A,113.2994,40.0758,大同市,云冈宾馆,,33,33,27,15,8,79,,,,7,8,8,8,0.5,0.3
2025-04-14T0600,1724A,113.3444,40.0917,大同市,大同大学,,33,23,29,23,10,68,,,,8,5,10,9,0.9,0.5
2025-04-14T0600,1725A,113.2661,40.1269,大同市,安家小村,,25,19,33,16,6,79,,,,2,6,11,10,0.5,0.4
2025-04-14T0600,1726A,113.2711,40.0844,大同市,教育学院,,25,17,28,9,7,80,,,,8,8,8,8,0.4,0.3
2025-04-14T0600,3282A,113.3397,40.0597,大同市,大同市卫生学校,,24,19,25,15,12,75,,,,6,8,7,6,0.5,0.4
2025-04-14T0600,3565A,113.1367,40.1122,大同市,云冈站,,19,12,31,3,8,60,,,,11,11,11,11,0.6,0.4
2025-04-14T0600,3566A,113.1186,40.2556,大同市,图书馆,,16,12,27,3,15,50,,,,4,7,8,9,0.6,0.7
2025-04-14T0600,3567A,113.5931,40.0461,大同市,区一中,,38,,33,26,13,73,,,,4,6,15,15,0.5,0.4
2025-04-14T0600,4199A,113.2798,40.0997,大同市,魏都大道141号,,27,27,32,3,14,81,,,,8,8,12,11,0.5,0.3
2025-04-14T0600,2269A,124.1069,50.4097,大兴安岭地区,科技局,,21,21,18,12,13,64,,,,5,5,3,3,0.2,0.2
2025-04-14T0600,3663A,124.1164,50.4278,大兴安岭地区,红旗社区,,12,,6,8,7,34,,,,21,10,4,4,0.3,0.3
2025-04-14T0600,1600A,124.3303,40.0625,丹东市,江湾东路,,22,14,16,10,11,69,,,,8,10,10,10,0.5,0.2
2025-04-14T0600,1601A,124.4256,40.1503,丹东市,临江后街,,22,18,19,13,11,68,,,,8,10,4,5,0.6,0.6
2025-04-14T0600,1602A,124.3933,40.1461,丹东市,元宝山,,20,15,15,9,10,63,,,,11,10,6,6,0.3,0.4
2025-04-14T0600,1603A,124.3633,40.1092,丹东市,民主桥,,23,19,21,11,10,71,,,,8,11,8,9,0.7,0.8
2025-04-14T0600,3541A,109.5726,19.5167,儋州市,第一中学子站,颗粒物(PM10),188,325,295,72,77,108,,,,11,9,5,5,0.6,0.4
2025-04-14T0600,3542A,109.5567,19.5187,儋州市,东坡学校子站,颗粒物(PM10),168,286,266,74,79,90,,,,7,8,6,6,0.4,0.4
2025-04-14T0600,2616A,98.5842,24.428,德宏傣族景颇族自治州,德宏州监测站,,29,29,30,20,19,4,,,,31,24,7,6,0.6,0.5
2025-04-14T0600,3677A,98.5881,24.4368,德宏傣族景颇族自治州,芒市人民政府综合楼,,38,38,40,24,23,18,,,,15,12,6,6,0.6,0.6
2025-04-14T0600,1901A,104.4239,31.1208,德阳市,东山公园,颗粒物(PM10),98,146,244,60,65,79,,,,18,16,42,8,0.6,0.4
2025-04-14T0600,1902A,104.3826,31.1317,德阳市,西小区,细颗粒物(PM2.5),105,148,236,79,80,29,,,,44,45,66,9,0.9,0.7
2025-04-14T0600,1904A,104.3553,31.1091,德阳市,耐火材料厂,颗粒物(PM10),102,154,229,74,75,25,,,,59,42,74,11,0.9,0.5
2025-04-14T0600,3639A,104.4019,31.1244,德阳市,市教育局,颗粒物(PM10),87,124,216,60,70,41,,,,33,34,31,7,0.8,0.7
2025-04-14T0600,1622A,116.3032,37.4674,德州市,儿童乐园,颗粒物(PM10),64,78,83,29,16,68,,,,15,12,5,6,0.4,0.4
2025-04-14T0600,1624A,116.2991,37.4451,德州市,监理站,颗粒物(PM10),67,83,83,27,15,78,,,,13,15,7,8,0.3,0.3
2025-04-14T0600,3066A,116.2721,37.4379,德州市,九衢泉纯净水厂,颗粒物(PM10),65,80,88,29,23,76,,,,13,18,11,11,1.1,0.5
2025-04-14T0600,3371A,116.3728,37.4403,德州市,开发区人民医院,颗粒物(PM10),64,78,84,41,20,73,,,,9,9,5,7,0.5,0.5
2025-04-14T0600,3372A,116.3572,37.4094,德州市,太阳城中学,颗粒物(PM10),62,73,83,24,19,80,,,,10,10,4,6,0.6,0.5
2025-04-14T0600,3511A,116.5652,37.3319,德州市,陵城艺术中心,颗粒物(PM10),63,75,82,22,22,80,,,,9,12,5,4,0.5,0.5
2025-04-14T0600,2621A,99.7056,27.8317,迪庆藏族自治州,迪庆州站,,30,30,23,12,13,78,,,,7,9,11,9,0.5,0.5
2025-04-14T0600,3180A,99.7136,27.8094,迪庆藏族自治州,质量技术监督局,,28,14,18,7,8,88,,,,7,8,10,10,0.6,0.6
2025-04-14T0600,4257A,104.6092,35.5962,定西市,将台街,颗粒物(PM10),88,125,150,44,38,38,,,,32,18,7,7,0.0,0.1
2025-04-14T0600,4309A,104.6159,35.5701,定西市,正龙路62号,颗粒物(PM10),89,127,162,58,40,59,,,,8,9,9,10,0.3,0.3
2025-04-14T0600,1389A,113.7547,23.0494,东莞市,莞城梨川,颗粒物(PM10),199,347,407,81,87,3,,,,66,34,10,6,0.7,0.5
2025-04-14T0600,1390A,113.7944,23.0128,东莞市,东城石井,颗粒物(PM10),163,276,328,96,102,0,,,,70,32,10,7,0.9,0.5
2025-04-14T0600,1391A,113.7383,22.9658,东莞市,南城西平,颗粒物(PM10),175,299,340,79,80,3,,,,72,34,8,6,0.7,0.5
2025-04-14T0600,3319A,113.7338,23.0381,东莞市,万江金泰,颗粒物(PM10),191,332,357,102,94,2,,,,73,35,54,14,1.0,0.8
2025-04-14T0600,3626A,113.7533,23.0202,东莞市,南城元岭,颗粒物(PM10),205,353,373,96,86,4,,,,71,34,30,10,0.8,0.5
2025-04-14T0600,3627A,113.7875,23.0457,东莞市,东城主山,颗粒物(PM10),174,297,352,82,87,1,,,,69,38,6,6,0.6,0.5
2025-04-14T0600,1666A,118.6614,37.4309,东营市,市环保局,颗粒物(PM10),64,78,79,9,10,78,,,,10,7,12,5,0.3,0.3
2025-04-14T0600,3036A,118.6904,37.4338,东营市,开发区管委会,颗粒物(PM10),64,78,96,24,19,71,,,,12,12,6,4,0.5,0.6
2025-04-14T0600,3365A,118.5719,37.565,东营市,垦利区民丰路,颗粒物(PM10),62,73,85,12,19,68,,,,10,7,24,6,0.3,0.6
2025-04-14T0600,3498A,118.5055,37.8612,东营市,河口城区,,44,44,90,3,14,86,,,,11,11,4,4,0.8,0.8
2025-04-14T0600,3646A,118.4978,37.4623,东营市,胜利站,颗粒物(PM10),66,82,84,9,13,78,,,,13,14,6,9,0.5,0.5
2025-04-14T0600,3734A,118.35,37.26,东营市,理想之城,颗粒物(PM10),62,73,87,14,20,75,,,,11,10,10,7,0.3,0.3
2025-04-14T0600,1591A,110.0023,39.8129,鄂尔多斯市,综合楼,,22,22,89,3,9,56,,,,35,14,8,5,0.2,0.2
2025-04-14T0600,1592A,109.9486,39.8261,鄂尔多斯市,巴音孟克林场办事处,,22,17,79,3,14,68,,,,17,18,7,8,0.2,0.2
2025-04-14T0600,1593A,109.7736,39.5986,鄂尔多斯市,康泽苑,,22,17,84,14,19,68,,,,6,6,5,4,0.2,0.2
2025-04-14T0600,1594A,109.8119,39.5989,鄂尔多斯市,华泰汽车城,,20,17,79,3,13,64,,,,7,9,4,4,0.3,0.3
2025-04-14T0600,1595A,109.9734,39.7884,鄂尔多斯市,奥林花园,,22,22,81,3,16,63,,,,26,16,7,6,0.3,0.4
2025-04-14T0600,2436A,114.8938,30.3994,鄂州市,市政府,颗粒物(PM10),113,175,173,63,51,32,,,,31,18,15,10,1.2,0.9
2025-04-14T0600,2437A,114.8989,30.3714,鄂州市,赵家坝,颗粒物(PM10),126,202,192,45,46,58,,,,22,21,4,5,0.7,0.7
2025-04-14T0600,3654A,114.8094,30.4089,鄂州市,精准医疗中心,颗粒物(PM10),112,174,167,49,46,83,,,,22,13,4,5,0.6,0.5
2025-04-14T0600,2454A,109.4978,30.2981,恩施土家族苗族自治州,湖北民院,颗粒物(PM10),118,185,87,58,43,33,,,,10,10,6,6,0.1,0.1
2025-04-14T0600,2455A,109.4707,30.2798,恩施土家族苗族自治州,州电力总公司,颗粒物(PM10),98,146,240,55,72,16,,,,21,20,5,5,0.6,0.5
2025-04-14T0600,3549A,109.5061,30.3772,恩施土家族苗族自治州,龙凤新区,颗粒物(PM10),92,134,236,44,71,11,,,,8,12,6,6,0.3,0.3
2025-04-14T0600,2499A,108.3411,21.6158,防城港市,沙万,颗粒物(PM10),119,187,173,55,47,39,,,,15,11,8,2,0.4,0.3
2025-04-14T0600,2500A,108.3514,21.7731,防城港市,防城档案局,颗粒物(PM10),145,240,216,62,52,2,,,,44,23,3,2,0.4,0.4
2025-04-14T0600,2501A,108.3506,21.6414,防城港市,大海花园,颗粒物(PM10),130,210,190,50,45,44,,,,12,11,8,4,0.4,0.4
2025-04-14T0600,1371A,113.1294,23.0067,佛山市,湾梁,颗粒物(PM10),175,300,368,76,71,19,,,,51,36,20,11,0.5,0.5
2025-04-14T0600,1372A,113.1083,23.0478,佛山市,华材职中,颗粒物(PM10),168,285,387,84,84,3,,,,64,49,10,9,0.6,0.4
2025-04-14T0600,1373A,113.144,23.0453,佛山市,南海气象局,颗粒物(PM10),167,283,356,77,75,2,,,,63,41,15,10,0.6,0.5
2025-04-14T0600,1374A,113.2881,22.8094,佛山市,顺德苏岗,颗粒物(PM10),156,262,356,66,82,6,,,,52,33,8,7,1.3,0.5
2025-04-14T0600,1376A,112.8383,22.8678,佛山市,高明孔堂,颗粒物(PM10),177,303,365,69,72,48,,,,19,26,9,10,0.4,0.4
2025-04-14T0600,1377A,112.8836,23.1588,佛山市,三水监测站,颗粒物(PM10),181,312,373,80,82,3,,,,64,51,10,5,0.4,0.3
2025-04-14T0600,1378A,112.867,23.185,佛山市,三水云东海,颗粒物(PM10),129,207,289,62,79,1,,,,53,43,2,5,0.5,0.5
2025-04-14T0600,3625A,113.2544,22.7642,佛山市,容桂街道办,颗粒物(PM10),181,312,383,73,86,27,,,,36,39,11,7,0.5,0.5
2025-04-14T0600,1280A,119.3903,26.0543,福州市,鼓山,,,,149,,30,,,91,,,7,,2,,0.2
2025-04-14T0600,1282A,119.2681,26.0504,福州市,师大,颗粒物(PM10),66,82,130,28,39,42,,,,24,17,8,4,0.3,0.3
2025-04-14T0600,1283A,119.2984,26.1028,福州市,五四北路,颗粒物(PM10),67,84,138,28,42,34,,,,22,15,5,4,0.4,0.4
2025-04-14T0600,1284A,119.2648,26.0768,福州市,杨桥西路,颗粒物(PM10),75,99,170,25,38,36,,,,25,15,7,4,0.3,0.3
2025-04-14T0600,1285A,119.317,26.0746,福州市,紫阳,颗粒物(PM10),70,89,158,30,42,37,,,,24,22,8,6,0.3,0.3
2025-04-14T0600,3048A,119.5799,26.0936,福州市,九龙,颗粒物(PM10),77,103,172,37,46,26,,,,34,17,4,4,0.3,0.3
2025-04-14T0600,3526A,119.5189,25.9664,福州市,吴航,颗粒物(PM10),73,95,165,32,45,37,,,,26,17,8,5,0.3,0.2
2025-04-14T0600,1755A,123.7977,41.8491,抚顺市,望花区,,28,27,23,19,19,57,,,,12,16,7,8,0.5,0.5
2025-04-14T0600,1756A,123.9161,41.8822,抚顺市,顺城区,,25,23,26,17,17,57,,,,10,14,7,7,0.5,0.5
2025-04-14T0600,1757A,124.0436,41.8611,抚顺市,东洲区,,39,27,25,27,18,51,,,,14,15,5,6,0.7,0.5
2025-04-14T0600,1758A,123.9247,41.8642,抚顺市,新抚区,,24,24,24,15,16,53,,,,12,13,5,5,0.6,0.6
2025-04-14T0600,1759A,124.0972,41.8961,抚顺市,大伙房水库,,33,,21,23,17,54,,,,11,11,6,7,0.7,0.5
2025-04-14T0600,1760A,123.7086,41.8391,抚顺市,沈抚新城,,25,20,22,17,15,56,,,,12,16,5,5,0.7,0.6
2025-04-14T0600,2376A,116.2127,28.0814,抚州市,桐源党溪,颗粒物(PM10),122,194,235,45,51,67,,,,3,3,6,6,0.4,0.4
2025-04-14T0600,2377A,116.3544,27.9831,抚州市,市站,颗粒物(PM10),93,136,227,33,44,49,,,,7,6,7,6,1.0,0.9
2025-04-14T0600,2378A,116.3565,27.963,抚州市,血防站,颗粒物(PM10),89,127,204,32,42,47,,,,7,6,10,7,1.0,0.9
2025-04-14T0600,2379A,116.3564,28.0007,抚州市,采茶剧团,颗粒物(PM10),95,139,225,38,46,50,,,,5,3,2,2,0.9,1
2025-04-14T0600,2380A,116.385,27.9647,抚州市,医学分院,颗粒物(PM10),87,124,203,29,40,38,,,,13,8,4,4,0.6,0.5
2025-04-14T0600,2207A,121.6094,41.998,阜新市,工业园区,,26,9,9,3,5,82,,,,7,9,6,6,0.2,0.2
2025-04-14T0600,2208A,121.6697,42.0279,阜新市,长青街,,25,6,8,3,5,80,,,,4,7,4,4,0.4,0.4
2025-04-14T0600,2209A,121.6673,42.0705,阜新市,农业园区,,25,,7,3,3,78,,,,3,4,6,6,0.6,0.6
2025-04-14T0600,2210A,121.6717,42.0224,阜新市,东苑,,25,10,12,6,7,78,,,,4,7,4,4,0.5,0.5
2025-04-14T0600,2211A,121.6506,42.0498,阜新市,玉龙新城,,25,9,10,3,6,79,,,,6,8,7,7,0.4,0.4
2025-04-14T0600,2301A,115.8277,32.8929,阜阳市,市监测站,颗粒物(PM10),56,62,151,27,45,78,,,,12,11,7,7,0.2,0.2
2025-04-14T0600,2303A,115.8554,32.8605,阜阳市,开发区,颗粒物(PM10),64,78,208,14,44,76,,,,18,14,7,6,0.4,0.3
2025-04-14T0600,2875A,115.784,32.8892,阜阳市,阜阳职业技术学院,颗粒物(PM10),59,68,178,17,39,75,,,,14,10,8,8,0.2,0.2
2025-04-14T0600,3468A,115.7901,32.8613,阜阳市,市规划展馆,颗粒物(PM10),54,58,174,17,43,85,,,,7,8,7,6,0.6,0.6
2025-04-14T0600,3469A,115.836,32.9183,阜阳市,枣园社区,颗粒物(PM10),59,68,163,15,48,86,,,,13,13,6,5,0.3,0.3
2025-04-14T0600,2669A,102.9099,34.9841,甘南藏族自治州,州政府,颗粒物(PM10),68,85,70,23,23,16,,,,36,29,6,8,0.5,0.5
2025-04-14T0600,3380A,102.8914,34.9617,甘南藏族自治州,甘肃民族师范学院,颗粒物(PM10),74,97,85,33,21,11,,,,36,31,7,9,0.5,0.5
2025-04-14T0600,2570A,101.9603,30.0475,甘孜藏族自治州,水桥子,,25,,7,17,19,5,,,,26,25,4,4,0.0,0.3
2025-04-14T0600,3065A,101.9533,29.9972,甘孜藏族自治州,州环保局,,20,20,22,3,5,11,,,,26,21,1,1,0.1,0.2
2025-04-14T0600,3414A,115.8347,28.932,赣江新区,桑海产业园,颗粒物(PM10),152,254,287,63,59,39,,,,27,18,12,9,0.3,0.1
2025-04-14T0600,2362A,114.9017,25.9149,赣州市,通天岩,颗粒物(PM10),117,184,283,18,20,56,,,,2,5,26,21,1.4,1.1
2025-04-14T0600,2363A,114.9367,25.8664,赣州市,地委,颗粒物(PM10),103,156,248,40,61,15,,,,14,18,1,3,1.1,1
2025-04-14T0600,2364A,114.9461,25.8481,赣州市,气象台,颗粒物(PM10),115,180,247,42,57,10,,,,43,22,15,14,0.5,0.5
2025-04-14T0600,2365A,114.9322,25.8333,赣州市,市图书馆,颗粒物(PM10),119,187,289,41,59,15,,,,33,24,5,8,,0.4
2025-04-14T0600,2366A,114.8905,25.8471,赣州市,华坚鞋城,颗粒物(PM10),138,226,310,51,58,22,,,,27,17,12,10,0.3,0.2
2025-04-14T0600,3109A,115.0093,25.8613,赣州市,赣县区卫计委,颗粒物(PM10),107,164,274,46,66,19,,,,19,18,4,6,0.2,0.2
2025-04-14T0600,2683A,106.2319,36.1417,固原市,马园,细颗粒物(PM2.5),67,54,308,48,39,28,,,,29,17,5,6,0.8,0.7
2025-04-14T0600,2684A,106.2792,36.0022,固原市,监测站,,50,50,165,35,48,56,,,,15,6,3,4,0.4,0.2
2025-04-14T0600,2685A,106.2375,36.0211,固原市,新区,,37,37,163,24,36,72,,,,13,8,5,6,0.4,0.3
2025-04-14T0600,3522A,106.2177,35.9959,固原市,原州区十五小,,32,32,149,10,37,82,,,,5,5,6,6,0.2,0.2
2025-04-14T0600,2543A,106.6308,30.5278,广安市,小平旧居,,,,,,,,,,,,,,,,
2025-04-14T0600,2544A,106.6303,30.4576,广安市,市委,颗粒物(PM10),136,222,406,74,112,21,,,,24,27,6,9,0.4,0.4
2025-04-14T0600,2545A,106.6271,30.4663,广安市,友谊中学,颗粒物(PM10),130,209,364,66,103,19,,,,18,25,2,6,0.4,0.3
2025-04-14T0600,2547A,106.6388,30.4551,广安市,广电花园,颗粒物(PM10),143,235,384,76,108,28,,,,16,30,2,5,0.4,0.4
2025-04-14T0600,2902A,106.6351,30.4865,广安市,北辰小学,颗粒物(PM10),153,255,417,78,108,27,,,,16,18,9,11,0.5,0.5
2025-04-14T0600,2523A,105.8945,32.4535,广元市,黑石坡,颗粒物(PM10),86,122,200,44,51,47,,,,19,12,6,3,0.5,0.3
2025-04-14T0600,2524A,105.821,32.4444,广元市,老城,颗粒物(PM10),81,112,210,42,71,31,,,,31,30,3,2,0.8,0.7
2025-04-14T0600,2526A,105.8628,32.4287,广元市,监测站,细颗粒物(PM2.5),82,98,138,60,58,52,,,,15,13,8,8,0.6,0.4
2025-04-14T0600,3617A,105.8047,32.4166,广元市,经开区,颗粒物(PM10),88,126,194,48,79,11,,,,53,34,5,11,0.6,0.6
2025-04-14T0600,1345A,113.2347,23.1423,广州市,广雅中学,颗粒物(PM10),186,322,407,83,93,6,,,,66,46,12,7,0.3,0.4
2025-04-14T0600,1346A,113.2612,23.105,广州市,市五中,颗粒物(PM10),181,312,389,83,101,8,,,,59,36,6,4,0.6,0.6
2025-04-14T0600,1348A,113.3478,23.0916,广州市,广东商学院,颗粒物(PM10),169,288,372,96,108,19,,,,54,41,7,5,0.3,0.3
2025-04-14T0600,1349A,113.4332,23.1047,广州市,市八十六中,颗粒物(PM10),174,298,386,80,93,4,,,,72,49,8,4,0.8,0.7
2025-04-14T0600,1350A,113.3505,22.9483,广州市,番禺中学,颗粒物(PM10),179,308,408,90,93,7,,,,59,40,13,6,0.4,0.4
2025-04-14T0600,1351A,113.2146,23.3916,广州市,花都师范,颗粒物(PM10),163,276,373,76,80,3,,,,54,39,5,6,0.5,0.4
2025-04-14T0600,1352A,113.2597,23.1331,广州市,市监测站,颗粒物(PM10),179,308,400,81,93,7,,,,66,45,12,8,0.5,0.4
2025-04-14T0600,1353A,113.5618,23.312,广州市,九龙镇镇龙,颗粒物(PM10),148,245,376,75,91,0,,,,39,26,4,4,0.5,0.5
2025-04-14T0600,1354A,113.2765,23.1544,广州市,麓湖,颗粒物(PM10),147,244,365,70,88,2,,,,62,44,7,5,0.5,0.3
2025-04-14T0600,1355A,113.443,23.3035,广州市,帽峰山森林公园,颗粒物(PM10),149,248,327,65,78,33,,,,27,24,10,7,0.3,0.3
2025-04-14T0600,2846A,113.3221,23.1322,广州市,体育西,颗粒物(PM10),183,316,382,82,90,8,,,,57,34,11,7,0.4,0.4
2025-04-14T0600,3298A,113.5717,23.5491,广州市,从化街口,颗粒物(PM10),122,194,379,57,91,0,,,,29,21,8,8,0.6,0.6
2025-04-14T0600,3299A,113.3472,23.3692,广州市,白云竹料,颗粒物(PM10),154,257,395,70,92,3,,,,38,34,3,6,0.5,0.4
2025-04-14T0600,3300A,113.2981,23.237,广州市,白云嘉禾,颗粒物(PM10),177,303,402,70,83,0,,,,69,52,8,7,0.5,0.3
2025-04-14T0600,3301A,113.4256,23.1716,广州市,黄埔科学城,颗粒物(PM10),155,259,376,74,96,2,,,,50,32,7,8,0.4,0.3
2025-04-14T0600,3302A,113.3942,23.0483,广州市,番禺大学城,颗粒物(PM10),171,292,346,87,97,0,,,,73,50,11,8,0.6,0.5
2025-04-14T0600,3303A,113.4922,22.8168,广州市,南沙黄阁,颗粒物(PM10),183,316,401,83,94,5,,,,66,46,8,7,0.7,0.6
2025-04-14T0600,3304A,113.5342,22.7896,广州市,南沙街,颗粒物(PM10),174,297,380,81,91,21,,,,42,36,8,6,0.5,0.5
2025-04-14T0600,3443A,113.2902,23.5544,广州市,花都梯面,颗粒物(PM10),112,173,318,54,77,2,,,,32,25,5,6,0.4,0.4
2025-04-14T0600,3445A,113.7858,23.7478,广州市,从化良口,颗粒物(PM10),105,160,328,52,83,21,,,,13,9,6,6,0.3,0.3
2025-04-14T0600,3446A,113.8051,23.2614,广州市,增城荔城,颗粒物(PM10),141,231,351,64,83,10,,,,24,17,8,8,0.2,0.2
2025-04-14T0600,2505A,109.568,23.1478,贵港市,德智高中,,,,,,,,,,,,,,,,
2025-04-14T0600,2506A,109.6047,23.0666,贵港市,江南子站,颗粒物(PM10),248,383,419,104,98,3,,,,52,27,4,5,0.6,0.6
2025-04-14T0600,2508A,109.5669,23.1065,贵港市,荷城子站,颗粒物(PM10),196,342,375,80,86,40,,,,26,19,6,4,0.6,0.3
2025-04-14T0600,3405A,109.5886,23.1172,贵港市,新世纪学校,颗粒物(PM10),196,342,376,80,91,44,,,,27,22,8,6,0.7,0.6
2025-04-14T0600,4260A,109.5933,23.0951,贵港市,中山路155-3号,颗粒物(PM10),196,341,362,86,93,8,,,,51,26,7,7,0.9,0.8
2025-04-14T0600,1439A,106.6899,26.5998,贵阳市,马鞍山,颗粒物(PM10),85,119,206,44,56,15,,,,24,19,4,4,0.3,0.3
2025-04-14T0600,1441A,106.6243,26.6266,贵阳市,鉴湖路,颗粒物(PM10),122,193,275,61,63,36,,,,27,13,18,13,0.4,0.3
2025-04-14T0600,1442A,106.7487,26.6343,贵阳市,燕子冲,颗粒物(PM10),93,136,237,51,70,10,,,,41,23,1,10,0.4,0.2
2025-04-14T0600,1443A,106.6555,26.4365,贵阳市,碧云窝,颗粒物(PM10),97,144,264,46,68,7,,,,28,15,4,6,0.4,0.4
2025-04-14T0600,1445A,106.7109,26.6027,贵阳市,红边门,颗粒物(PM10),104,158,269,58,76,8,,,,52,44,9,10,0.3,0.2
2025-04-14T0600,1446A,106.7164,26.5699,贵阳市,新华路,颗粒物(PM10),115,180,283,61,74,16,,,,41,35,6,13,0.5,0.5
2025-04-14T0600,1447A,106.674,26.5424,贵阳市,太慈桥,颗粒物(PM10),96,141,235,44,60,32,,,,19,21,6,6,0.4,0.4
2025-04-14T0600,1552A,106.805,26.3003,贵阳市,桐木岭,颗粒物(PM10),125,200,338,66,101,64,,,,2,3,1,5,0.4,0.5
2025-04-14T0600,4230A,106.6882,26.5695,贵阳市,花果园大街66号,颗粒物(PM10),108,166,269,68,89,4,,,,51,36,9,8,0.6,0.5
2025-04-14T0600,4231A,106.6873,26.5169,贵阳市,漓江路57号,颗粒物(PM10),106,161,258,63,76,9,,,,38,28,10,11,0.5,0.5
2025-04-14T0600,1862A,110.4144,25.3167,桂林市,电子科大尧山校区,,,,,,,,,,,,,,,,
2025-04-14T0600,1864A,110.3089,25.2708,桂林市,龙隐路小学,颗粒物(PM10),155,260,401,79,108,22,,,,16,15,8,11,0.2,0.2
2025-04-14T0600,1865A,110.2869,25.2178,桂林市,八中,颗粒物(PM10),175,299,433,87,107,15,,,,24,23,8,12,0.9,0.7
2025-04-14T0600,3531A,110.296,25.1253,桂林市,旅游学院,颗粒物(PM10),134,217,396,61,98,16,,,,17,18,1,3,0.5,0.5
2025-04-14T0600,4222A,110.1835,25.2444,桂林市,环湖路276号,颗粒物(PM10),150,249,415,68,106,0,,,,42,22,10,8,0.4,0.4
2025-04-14T0600,4301A,110.2803,25.2773,桂林市,信义路13号,颗粒物(PM10),164,278,417,81,111,25,,,,21,18,12,11,0.4,0.3
2025-04-14T0600,2674A,100.2561,34.4714,果洛藏族自治州,玛沁县大武镇,,25,25,33,9,14,48,,,,2,4,15,14,0.4,0.4
2025-04-14T0600,1129A,126.5422,45.755,哈尔滨市,岭北,,27,11,28,6,18,86,,,,8,12,16,13,0.7,0.7
2025-04-14T0600,1130A,126.561,45.8167,哈尔滨市,松北商大,,26,11,34,3,16,81,,,,8,11,9,15,0.6,0.7
2025-04-14T0600,1131A,126.979,45.5419,哈尔滨市,阿城会宁,,23,8,42,8,21,73,,,,7,10,3,4,0.4,0.4
2025-04-14T0600,1132A,126.599,45.7222,哈尔滨市,南岗学府路,,27,20,51,3,18,86,,,,11,13,7,8,0.8,0.8
2025-04-14T0600,1133A,126.689,45.7733,哈尔滨市,太平宏伟公园,,25,7,44,7,21,80,,,,11,9,4,5,0.6,0.5
2025-04-14T0600,1134A,126.635,45.7667,哈尔滨市,道外承德广场,,26,12,32,12,25,82,,,,12,15,6,6,0.3,0.5
2025-04-14T0600,1135A,126.685,45.7319,哈尔滨市,香坊红旗大街,,28,12,40,7,21,88,,,,12,14,6,8,0.4,0.5
2025-04-14T0600,1136A,126.6411,45.7258,哈尔滨市,动力和平路,,26,11,46,3,17,83,,,,10,11,8,9,0.7,0.5
2025-04-14T0600,1137A,126.593,45.7478,哈尔滨市,道里建国路,,27,7,37,7,20,84,,,,13,14,4,5,0.7,0.6
2025-04-14T0600,1138A,126.615,45.61,哈尔滨市,平房东轻厂,,24,,43,12,21,76,,,,10,14,8,9,0.5,0.5
2025-04-14T0600,1139A,126.595,45.9855,哈尔滨市,呼兰师专,,26,,39,7,17,82,,,,10,12,5,6,0.4,0.5
2025-04-14T0600,1140A,126.6206,45.6842,哈尔滨市,省农科院,,28,12,41,11,22,87,,,,10,13,10,10,0.6,0.6
2025-04-14T0600,2688A,93.5128,42.8172,哈密市,地区监测站,颗粒物(PM10),94,138,65,32,22,40,,,,28,17,10,6,1.0,0.4
2025-04-14T0600,2689A,93.4961,42.8328,哈密市,哈密师范学校,颗粒物(PM10),69,88,54,12,13,42,,,,36,29,7,6,0.9,0.6
2025-04-14T0600,2671A,100.9048,36.9639,海北藏族自治州,海晏县西海镇,,22,,14,15,11,49,,,,2,3,8,6,0.4,0.4
2025-04-14T0600,3867A,102.0738,36.5056,海东市,平安区公安北苑,,30,30,40,14,15,46,,,,9,14,2,6,0.7,0.7
2025-04-14T0600,1409A,110.576,19.9507,海口市,东寨港,颗粒物(PM10),140,230,280,59,52,35,,,,11,6,10,11,0.5,0.4
2025-04-14T0600,1410A,110.3232,20.0574,海口市,海南大学,颗粒物(PM10),186,322,308,73,68,82,,,,15,8,3,3,0.3,0.3
2025-04-14T0600,1411A,110.283,20.0053,海口市,秀英海南医院,颗粒物(PM10),175,299,314,67,71,64,,,,24,12,5,6,0.2,0.3
2025-04-14T0600,1412A,110.338,19.9969,海口市,海南师范大学,颗粒物(PM10),183,315,315,74,75,92,,,,6,6,4,5,0.3,0.4
2025-04-14T0600,1413A,110.33,20.0356,海口市,龙华路环保局宿舍,颗粒物(PM10),177,304,308,77,79,90,,,,8,6,5,5,0.3,0.4
2025-04-14T0600,3539A,110.5111,19.9736,海口市,桂林洋子站,颗粒物(PM10),176,301,323,72,80,59,,,,16,8,4,5,0.3,0.2
2025-04-14T0600,2673A,100.6188,36.2866,海南藏族自治州,共和县恰卜恰镇,,23,22,28,10,14,71,,,,4,10,12,14,0.4,0.4
2025-04-14T0600,2676A,97.3731,37.3753,海西蒙古族藏族自治州,德令哈市,,33,,28,23,11,90,,,,1,7,12,13,0.3,0.4
2025-04-14T0600,1048A,114.5302,36.6116,邯郸市,东污水处理厂,,24,18,57,3,8,74,,,,13,20,1,4,0.3,0.6
2025-04-14T0600,1049A,114.4918,36.5713,邯郸市,矿院,,45,45,52,7,20,30,,,,27,8,6,4,0.6,0.4
2025-04-14T0600,1050A,114.484,36.6133,邯郸市,丛台公园,,25,19,69,3,11,78,,,,12,15,4,6,0.2,0.4
2025-04-14T0600,3458A,114.7895,36.5593,邯郸市,香泉濮院小区,颗粒物(PM10),60,69,76,3,5,35,,,,28,14,7,5,0.3,0.5
2025-04-14T0600,3579A,114.50634,36.77178,邯郸市,永年区实验高中,,50,38,76,35,18,76,,,,8,14,4,6,0.4,0.6
2025-04-14T0600,3580A,114.20016,36.44293,邯郸市,峰峰矿区临水派出所,,29,25,58,6,13,91,,,,10,15,8,7,0.8,0.7
2025-04-14T0600,2634A,106.9893,33.1842,汉中市,汉川机床厂子校,颗粒物(PM10),101,151,298,55,161,57,,,,9,7,7,7,1.1,1.2
2025-04-14T0600,2635A,107.0154,33.0706,汉中市,市监测站,颗粒物(PM10),84,118,287,57,109,50,,,,11,13,5,6,0.8,0.8
2025-04-14T0600,2636A,107.0089,33.1138,汉中市,鑫源开发区,细颗粒物(PM2.5),110,163,296,83,110,57,,,,16,16,11,7,0.8,0.5
2025-04-14T0600,2637A,107.007,33.0323,汉中市,南郑大河坎水厂,颗粒物(PM10),81,112,253,53,126,59,,,,11,14,5,5,0.5,0.5
2025-04-14T0600,1223A,120.2072,30.2111,杭州市,滨江,颗粒物(PM10),114,178,139,48,36,83,,,,16,11,7,6,0.6,0.6
2025-04-14T0600,1224A,120.0633,30.2747,杭州市,西溪,颗粒物(PM10),105,160,111,32,20,86,,,,11,10,6,6,0.4,0.4
2025-04-14T0600,1226A,120.3417,30.3150,杭州市,下沙,颗粒物(PM10),114,178,128,44,27,82,,,,22,18,7,6,0.3,0.3
2025-04-14T0600,1227A,120.1269,30.2456,杭州市,卧龙桥,颗粒物(PM10),113,176,116,44,30,95,,,,7,6,7,6,0.4,0.4
2025-04-14T0600,1228A,120.1903,30.2692,杭州市,浙江农大,颗粒物(PM10),121,192,131,56,36,70,,,,28,10,3,3,0.3,0.3
2025-04-14T0600,1230A,120.1197,30.3119,杭州市,和睦小学,颗粒物(PM10),115,180,120,39,27,86,,,,12,11,8,7,0.6,0.5
2025-04-14T0600,1231A,120.3019,30.4183,杭州市,临平镇,颗粒物(PM10),123,196,143,47,28,87,,,,19,19,6,6,0.3,0.3
2025-04-14T0600,1232A,120.2753,30.1839,杭州市,城厢镇,颗粒物(PM10),110,170,130,46,38,88,,,,16,13,8,7,0.4,0.4
2025-04-14T0600,1233A,120.0883,30.1808,杭州市,云栖,颗粒物(PM10),104,158,111,33,25,81,,,,13,15,8,8,0.4,0.4
2025-04-14T0600,3557A,119.9464,30.0494,杭州市,镇二中,颗粒物(PM10),98,146,122,50,32,52,,,,30,17,6,2,0.4,0.3
2025-04-14T0600,3558A,119.7183,30.2367,杭州市,市府大楼,颗粒物(PM10),111,171,124,44,30,75,,,,18,11,9,8,0.6,0.5
2025-04-14T0600,3656A,120.1556,30.2864,杭州市,消防大队,颗粒物(PM10),117,184,128,52,29,87,,,,17,15,4,4,0.5,0.4
2025-04-14T0600,1270A,117.1959,31.7848,合肥市,明珠广场,颗粒物(PM10),87,124,135,31,30,66,,,,19,14,4,3,0.3,0.2
2025-04-14T0600,1271A,117.3072,31.8764,合肥市,三里街,颗粒物(PM10),78,105,135,29,30,66,,,,17,16,8,5,0.3,0.2
2025-04-14T0600,1272A,117.2588,31.8707,合肥市,琥珀山庄,颗粒物(PM10),92,134,150,40,35,63,,,,19,12,4,3,0.4,0.4
2025-04-14T0600,1273A,117.1604,31.9052,合肥市,董铺水库,颗粒物(PM10),114,178,160,46,36,48,,,,28,10,1,1,0.3,0.3
2025-04-14T0600,1274A,117.25,31.8571,合肥市,长江中路,颗粒物(PM10),90,129,143,34,34,65,,,,18,13,9,8,0.5,0.4
2025-04-14T0600,1275A,117.266,31.9436,合肥市,庐阳区,颗粒物(PM10),80,110,142,29,30,68,,,,17,9,7,5,0.3,0.2
2025-04-14T0600,1276A,117.3453,31.8616,合肥市,瑶海区,颗粒物(PM10),76,102,142,27,28,68,,,,22,15,8,6,0.4,0.2
2025-04-14T0600,1277A,117.3027,31.7964,合肥市,包河区,颗粒物(PM10),84,117,144,56,45,61,,,,28,16,6,5,0.4,0.3
2025-04-14T0600,1278A,117.2776,31.7385,合肥市,滨湖新区,颗粒物(PM10),91,132,143,44,43,49,,,,40,23,6,5,0.5,0.4
2025-04-14T0600,1279A,117.1318,31.8403,合肥市,高新区,颗粒物(PM10),85,119,146,48,34,70,,,,15,9,4,2,0.5,0.4
2025-04-14T0600,3464A,117.3803,31.9147,合肥市,高教基地,颗粒物(PM10),79,107,140,55,42,72,,,,15,10,7,5,0.4,0.3
2025-04-14T0600,3614A,79.924,37.0877,和田地区,地区环保局,颗粒物(PM10),500,688,726,219,222,26,,,,16,14,2,2,0.5,0.6
2025-04-14T0600,3615A,79.9131,37.113,和田地区,市环保局,颗粒物(PM10),500,668,734,194,201,17,,,,15,13,3,2,0.6,0.7
2025-04-14T0600,2516A,108.2011,24.715,河池市,东仁乐园,颗粒物(PM10),130,210,315,68,82,5,,,,36,24,8,12,1.3,1.1
2025-04-14T0600,2517A,108.0497,24.6947,河池市,市环保站,颗粒物(PM10),118,186,276,64,77,28,,,,21,17,5,8,0.3,0.3
2025-04-14T0600,2518A,108.0983,24.6989,河池市,市疾控中心,颗粒物(PM10),125,199,271,77,81,9,,,,37,25,8,11,0.5,0.5
2025-04-14T0600,1696A,114.6778,23.7569,河源市,源西,颗粒物(PM10),97,143,236,38,50,20,,,,18,25,3,4,0.3,0.3
2025-04-14T0600,1697A,114.6944,23.7586,河源市,东埔,颗粒物(PM10),104,157,276,34,38,,,,,30,19,4,4,0.5,0.5
2025-04-14T0600,1698A,114.6892,23.7233,河源市,老城,,,143,223,35,57,,,,,22,19,3,4,0.4,0.3
2025-04-14T0600,1718A,115.4208,35.2464,菏泽市,气象局,颗粒物(PM10),67,84,142,14,39,66,,,,14,16,3,5,0.3,0.3
2025-04-14T0600,3374A,115.5564,35.0891,菏泽市,定陶老年大学,颗粒物(PM10),58,66,117,14,37,51,,,,24,18,7,5,0.4,0.3
2025-04-14T0600,4184A,115.4797,35.24401,菏泽市,永昌路1号,颗粒物(PM10),63,75,130,16,40,60,,,,14,17,6,6,0.3,0.3
2025-04-14T0600,4193A,115.4715,35.2800,菏泽市,长城路999号,颗粒物(PM10),57,64,128,8,23,59,,,,18,19,6,7,0.1,0.1
2025-04-14T0600,2514A,111.5264,24.4172,贺州市,环保小区,颗粒物(PM10),156,262,378,86,111,30,,,,21,19,8,7,0.3,0.3
2025-04-14T0600,2515A,111.5608,24.4078,贺州市,政协大楼,颗粒物(PM10),135,220,327,79,105,18,,,,22,20,12,10,0.6,0.5
2025-04-14T0600,3534A,111.4744,24.4553,贺州市,西湾,颗粒物(PM10),156,262,289,77,76,16,,,,26,25,9,8,0.5,0.6
2025-04-14T0600,2385A,114.17,35.9019,鹤壁市,市监测站,颗粒物(PM10),53,56,77,12,21,42,,,,20,15,4,4,0.7,0.7
2025-04-14T0600,2386A,114.2956,35.7511,鹤壁市,市交警支队,颗粒物(PM10),66,81,98,13,22,28,,,,32,24,6,7,0.7,0.6
2025-04-14T0600,2387A,114.2878,35.7306,鹤壁市,迎宾馆,颗粒物(PM10),66,81,111,16,17,28,,,,29,20,3,5,0.7,0.5
2025-04-14T0600,3474A,114.2617,35.6822,鹤壁市,大新区,颗粒物(PM10),66,82,109,26,32,19,,,,33,18,4,6,0.5,0.4
2025-04-14T0600,3596A,114.1572,35.9603,鹤壁市,南山宾馆,颗粒物(PM10),56,62,80,32,27,63,,,,14,14,6,4,0.6,0.5
2025-04-14T0600,2244A,130.2537,47.3416,鹤岗市,哈啤分公司,,28,22,31,19,18,61,,,,7,8,15,15,0.3,0.2
2025-04-14T0600,2245A,130.2684,47.3086,鹤岗市,斯达机电,,27,27,32,17,20,62,,,,4,7,12,12,0.7,0.6
2025-04-14T0600,2246A,130.3114,47.3388,鹤岗市,东山纸板厂,,30,25,42,21,19,56,,,,5,7,13,13,0.3,0.3
2025-04-14T0600,2247A,130.1097,47.3382,鹤岗市,五号水库,,,,,,,,,,,,,,,,
2025-04-14T0600,2263A,127.4833,50.2524,黑河市,交通局,,21,,12,12,10,65,,,,3,4,7,7,0.2,0.2
2025-04-14T0600,2264A,127.5144,50.2341,黑河市,环保局,,22,16,11,10,12,70,,,,5,8,4,5,0.3,0.2
2025-04-14T0600,2265A,127.5291,50.2472,黑河市,大黑河岛,,,,,,,,,,,,,,,,
2025-04-14T0600,1074A,115.6838,37.7541,衡水市,电机北厂,,50,50,65,23,17,81,,,,7,9,9,10,0.3,0.3
2025-04-14T0600,1075A,115.6303,37.7316,衡水市,市监测站,,44,44,66,14,9,84,,,,8,10,12,13,0.3,0.2
2025-04-14T0600,3188A,115.6683,37.7217,衡水市,市城管局,,48,48,68,22,16,82,,,,7,9,4,5,0.2,0.3
2025-04-14T0600,3459A,115.5989,37.5491,衡水市,地表水厂,,36,36,79,14,19,81,,,,6,10,6,7,0.2,0.3
2025-04-14T0600,2456A,112.5003,26.9167,衡阳市,原169医院,颗粒物(PM10),129,208,273,60,100,28,,,,32,19,9,26,0.6,0.5
2025-04-14T0600,2457A,112.6194,26.9258,衡阳市,衡阳化工总厂,颗粒物(PM10),138,226,331,59,76,33,,,,16,18,8,9,0.6,0.6
2025-04-14T0600,2458A,112.6211,26.8956,衡阳市,珠晖区环保局,颗粒物(PM10),137,224,296,59,72,43,,,,9,14,11,11,0.5,0.5
2025-04-14T0600,2459A,112.6197,26.8733,衡阳市,市委党校,颗粒物(PM10),133,216,314,61,95,28,,,,18,20,6,9,0.4,0.5
2025-04-14T0600,2460A,112.6006,26.8919,衡阳市,市监测站,颗粒物(PM10),142,234,315,67,81,36,,,,19,22,10,10,0.6,0.6
2025-04-14T0600,2461A,112.5664,26.9056,衡阳市,真空机电公司,颗粒物(PM10),168,286,349,93,95,17,,,,40,19,43,13,1.8,0.6
2025-04-14T0600,3399A,112.6703,26.882,衡阳市,师范学院,颗粒物(PM10),131,211,316,65,83,33,,,,15,19,9,11,0.5,0.5
2025-04-14T0600,2608A,103.3772,23.3993,红河哈尼族彝族自治州,污水处理厂,颗粒物(PM10),60,69,83,31,43,28,,,,20,12,11,17,0.3,0.3
2025-04-14T0600,2609A,103.3861,23.35,红河哈尼族彝族自治州,监测站,颗粒物(PM10),51,51,86,26,37,39,,,,14,9,5,7,0.4,0.3
2025-04-14T0600,3038A,103.3758,23.368,红河哈尼族彝族自治州,州图书馆,,39,39,75,20,33,39,,,,13,9,7,10,0.2,0.2
2025-04-14T0600,1090A,111.6507,40.7517,呼和浩特市,呼市一监,,18,7,20,7,9,57,,,,11,2,10,10,0.6,0.5
2025-04-14T0600,1091A,111.6572,40.8033,呼和浩特市,小召,,18,9,17,3,4,56,,,,17,9,5,5,0.5,0.3
2025-04-14T0600,1094A,111.7516,40.8369,呼和浩特市,如意水处理厂,,22,6,17,6,9,70,,,,3,4,6,6,0.3,0.3
2025-04-14T0600,1095A,111.7276,40.8062,呼和浩特市,二十九中,,20,9,18,3,4,64,,,,7,2,3,3,0.5,0.4
2025-04-14T0600,1096A,111.5512,40.7866,呼和浩特市,工大金川校区,,25,6,14,3,4,78,,,,8,6,5,5,0.4,0.4
2025-04-14T0600,1097A,111.717,40.7612,呼和浩特市,化肥厂生活区,,21,10,21,7,12,66,,,,11,7,7,6,0.3,0.3
2025-04-14T0600,3698A,111.5968,40.8178,呼和浩特市,红旗小学,,25,6,18,3,4,79,,,,8,6,3,4,0.4,0.4
2025-04-14T0600,3699A,111.6518,40.8389,呼和浩特市,海东办,,23,,14,3,4,72,,,,2,2,6,6,0.5,0.5
2025-04-14T0600,2192A,119.7594,49.2261,呼伦贝尔市,区环保局,,23,23,25,12,18,55,,,,19,17,6,5,0.4,0.3
2025-04-14T0600,3061A,119.7512,49.1577,呼伦贝尔市,国华电力东,,23,23,25,13,15,38,,,,7,10,4,5,0.3,0.3
2025-04-14T0600,1250A,120.0751,30.8669,湖州市,城西水厂,颗粒物(PM10),120,189,121,54,31,68,,,,38,28,9,7,0.3,0.2
2025-04-14T0600,2873A,120.0830,30.8929,湖州市,仁皇山新区,颗粒物(PM10),119,188,123,56,33,79,,,,25,23,8,5,0.6,0.4
2025-04-14T0600,2907A,120.1844,30.8596,湖州市,吴兴区站,颗粒物(PM10),119,187,119,51,29,80,,,,15,17,7,6,0.3,0.2
2025-04-14T0600,3562A,120.4148,30.8538,湖州市,南浔区站,,,,127,49,32,55,,,,25,17,4,3,0.4,0.2
2025-04-14T0600,1607A,120.9049,40.7211,葫芦岛市,龙港区,,31,9,22,3,7,97,,,,7,10,8,8,0.4,0.4
2025-04-14T0600,1608A,120.8392,40.7514,葫芦岛市,化工街,,31,,14,3,4,97,,,,9,12,8,8,0.4,0.4
2025-04-14T0600,1609A,120.8341,40.7073,葫芦岛市,新区,,31,7,18,3,6,97,,,,13,11,10,9,0.5,0.4
2025-04-14T0600,1610A,120.8695,40.7677,葫芦岛市,东城区,,32,6,19,3,5,101,,,,9,12,4,5,0.4,0.4
2025-04-14T0600,2482A,109.5981,27.5721,怀化市,林科所,颗粒物(PM10),115,179,228,54,58,46,,,,10,10,11,7,0.6,0.6
2025-04-14T0600,2483A,109.9453,27.5444,怀化市,河西地税局,颗粒物(PM10),96,141,201,48,64,11,,,,15,11,16,11,0.4,0.5
2025-04-14T0600,2484A,109.9781,27.5342,怀化市,市四医院,颗粒物(PM10),114,177,238,56,66,33,,,,16,19,14,11,0.3,0.3
2025-04-14T0600,2485A,109.9972,27.5578,怀化市,监测楼,颗粒物(PM10),111,172,230,56,66,28,,,,14,16,16,11,0.4,0.4
2025-04-14T0600,2486A,110.0394,27.583,怀化市,市委党校,颗粒物(PM10),104,157,222,57,66,29,,,,16,13,6,5,0.5,0.4
2025-04-14T0600,1210A,119.036,33.5981,淮安市,钵池山,颗粒物(PM10),73,95,101,25,24,73,,,,15,16,16,12,0.5,0.5
2025-04-14T0600,1211A,119.007,33.575,淮安市,北京南路,颗粒物(PM10),64,78,100,20,22,58,,,,22,16,11,11,0.6,0.6
2025-04-14T0600,1212A,118.989,33.6067,淮安市,市监测站,颗粒物(PM10),64,78,101,27,34,59,,,,20,18,13,11,0.6,0.4
2025-04-14T0600,1213A,119.135,33.5039,淮安市,楚州区监测站,颗粒物(PM10),62,73,100,28,32,51,,,,20,11,14,9,0.7,0.5
2025-04-14T0600,3426A,118.8755,33.2894,淮安市,新华书店,颗粒物(PM10),61,72,103,19,33,72,,,,12,13,9,9,0.5,0.5
2025-04-14T0600,4206A,119.0288,33.6319,淮安市,承德北路606号,颗粒物(PM10),71,92,103,24,23,63,,,,14,15,14,8,0.5,0.5
2025-04-14T0600,2282A,116.8004,33.975,淮北市,监测站,颗粒物(PM10),58,65,121,23,33,65,,,,21,16,7,7,0.6,0.5
2025-04-14T0600,2283A,116.8091,33.9007,淮北市,烈山区政府,颗粒物(PM10),60,70,114,22,38,65,,,,24,17,7,6,0.6,0.5
2025-04-14T0600,3330A,116.8873,33.9836,淮北市,杜集区检察院,颗粒物(PM10),72,93,132,29,42,69,,,,17,18,6,7,0.7,0.7
2025-04-14T0600,4017A,116.7923,33.9535,淮北市,市博物馆,颗粒物(PM10),60,70,118,26,36,59,,,,24,16,9,8,0.6,0.6
2025-04-14T0600,2277A,116.8305,32.7727,淮南市,潘集区政府,颗粒物(PM10),68,85,195,31,42,64,,,,15,11,7,5,0.4,0.3
2025-04-14T0600,2279A,116.8569,32.5951,淮南市,谢家集区政府,颗粒物(PM10),65,79,172,22,38,61,,,,19,12,10,8,0.6,0.5
2025-04-14T0600,2280A,116.8281,32.633,淮南市,八公山区政府,颗粒物(PM10),79,108,177,32,42,49,,,,21,8,8,5,0.4,0.2
2025-04-14T0600,2281A,116.6325,32.6201,淮南市,焦岗湖风景区管理处,,,,,,,,,,,,,,,,
2025-04-14T0600,2894A,117.0566,32.6531,淮南市,经济技术开发区消防队,颗粒物(PM10),74,97,183,37,45,58,,,,22,16,8,7,0.4,0.3
2025-04-14T0600,3329A,117.0108,32.5893,淮南市,山南新区,颗粒物(PM10),70,90,200,17,38,79,,,,9,9,9,8,0.3,0.2
2025-04-14T0600,4209A,117.0031,32.6445,淮南市,国庆中路369号,颗粒物(PM10),72,94,186,26,49,63,,,,22,18,10,7,0.4,0.4
2025-04-14T0600,2446A,114.9028,30.4742,黄冈市,职工中心,颗粒物(PM10),93,135,139,50,47,40,,,,29,18,13,7,1.1,0.6
2025-04-14T0600,2929A,114.8858,30.4519,黄冈市,红卫路,颗粒物(PM10),99,148,167,46,39,32,,,,30,13,11,7,1.2,0.7
2025-04-14T0600,3398A,114.9136,30.4445,黄冈市,市林业局,颗粒物(PM10),102,154,163,41,36,33,,,,30,15,15,9,0.8,0.5
2025-04-14T0600,2672A,102.0199,35.5102,黄南藏族自治州,同仁县隆务镇,,32,32,31,10,7,68,,,,1,2,13,13,0.1,0.1
2025-04-14T0600,2295A,118.2903,29.6963,黄山市,延安路89号,颗粒物(PM10),88,126,153,52,72,18,,,,12,8,4,5,0.3,0.2
2025-04-14T0600,2297A,118.1371,30.2756,黄山市,黄山区政府5号楼,颗粒物(PM10),154,258,195,58,39,88,,,,1,2,6,4,0.9,0.9
2025-04-14T0600,4210A,118.3354,29.7203,黄山市,滨江东路7-2号,颗粒物(PM10),78,105,154,30,41,12,,,,10,8,5,5,0.5,0.4
2025-04-14T0600,2423A,115.0601,30.2313,黄石市,沈家营,颗粒物(PM10),106,161,157,50,44,64,,,,13,15,7,7,0.5,0.5
2025-04-14T0600,2426A,114.8988,30.2019,黄石市,铁山,颗粒物(PM10),124,197,173,68,56,41,,,,39,19,10,9,0.3,0.6
2025-04-14T0600,2427A,115.0307,30.2092,黄石市,团城山,颗粒物(PM10),110,169,156,57,45,66,,,,16,19,8,9,0.4,0.6
2025-04-14T0600,3149A,115.0235,30.1578,黄石市,笔架山北路,颗粒物(PM10),100,150,129,54,44,58,,,,25,16,20,7,1.0,0.7
2025-04-14T0600,4185A,115.0780,30.21118,黄石市,磁湖东路29号,颗粒物(PM10),117,184,164,57,52,69,,,,11,14,7,8,0.5,0.6
2025-04-14T0600,1392A,114.4183,23.0528,惠州市,河南岸金山湖子站,颗粒物(PM10),154,258,293,69,74,7,,,,44,26,10,9,0.7,0.5
2025-04-14T0600,1393A,114.4053,23.0822,惠州市,下埔横江三路子站,颗粒物(PM10),184,318,312,86,78,20,,,,41,22,13,10,0.6,0.5
2025-04-14T0600,1394A,114.4103,23.1142,惠州市,江北云山西路子站,颗粒物(PM10),188,325,316,88,83,21,,,,42,22,18,11,0.4,0.3
2025-04-14T0600,1395A,114.4645,22.7833,惠州市,惠阳区承修路船湖子站,颗粒物(PM10),147,243,296,68,74,14,,,,40,25,9,9,0.6,0.5
2025-04-14T0600,1396A,114.5317,22.7422,惠州市,大亚湾管委会子站,颗粒物(PM10),149,247,277,67,72,8,,,,45,24,8,7,0.5,0.4
2025-04-14T0600,3314A,114.4338,22.8134,惠州市,惠阳秋长,颗粒物(PM10),137,224,294,69,73,8,,,,47,22,14,11,0.4,0.2
2025-04-14T0600,3452A,114.6517,22.775,惠州市,大亚湾霞涌,颗粒物(PM10),165,280,270,77,73,31,,,,32,18,12,8,0.6,0.5
2025-04-14T0600,2240A,130.9762,45.3001,鸡西市,环保局,,26,26,57,7,13,53,,,,7,9,5,6,0.5,0.5
2025-04-14T0600,2243A,130.9429,45.3039,鸡西市,第一中学,,26,26,35,9,13,66,,,,9,8,6,7,0.6,0.6
2025-04-14T0600,3707A,131.0207,45.3073,鸡西市,欧美日汽修厂,,20,20,57,10,17,61,,,,7,5,4,4,0.5,0.5
2025-04-14T0600,3709A,130.9967,45.3106,鸡西市,市政设施管理处,,19,19,45,10,11,53,,,,13,8,5,6,0.4,0.4
2025-04-14T0600,2367A,114.9754,27.0803,吉安市,红声器材厂,颗粒物(PM10),111,172,241,40,51,45,,,,12,13,14,11,0.3,0.4
2025-04-14T0600,2368A,114.9658,27.0999,吉安市,市森林工业局,颗粒物(PM10),114,178,238,44,53,42,,,,19,16,12,10,0.3,0.3
2025-04-14T0600,2369A,114.99,27.1312,吉安市,市环境监测站,颗粒物(PM10),110,169,230,41,53,51,,,,8,8,21,17,0.3,0.2
2025-04-14T0600,2370A,115.0093,27.0968,吉安市,青原区法院,颗粒物(PM10),129,207,253,46,55,56,,,,11,10,15,13,0.4,0.4
2025-04-14T0600,1772A,126.54,43.8622,吉林市,哈达湾,,19,12,11,10,7,58,,,,10,17,6,6,0.4,0.5
2025-04-14T0600,1773A,126.5844,43.8358,吉林市,东局子,,18,,12,12,7,45,,,,15,20,5,5,0.5,0.6
2025-04-14T0600,1774A,126.5052,43.8245,吉林市,电力学院,,28,19,13,19,12,41,,,,13,17,4,4,0.5,0.5
2025-04-14T0600,1775A,126.6133,43.8972,吉林市,江北,,16,16,16,10,10,46,,,,8,21,4,4,0.6,0.7
2025-04-14T0600,1776A,126.555,43.8306,吉林市,江南公园,,19,,12,13,7,56,,,,9,17,5,5,0.3,0.4
2025-04-14T0600,1778A,126.7061,43.7133,吉林市,丰满,,,,5,,3,,,87,,,8,,5,,0.8
2025-04-14T0600,2868A,126.4739,43.953,吉林市,九站,,18,13,10,12,9,31,,,,30,17,10,7,0.5,0.6
2025-04-14T0600,1299A,116.9862,36.6114,济南市,科干所,颗粒物(PM10),69,88,72,17,12,60,,,,22,12,6,6,0.5,0.4
2025-04-14T0600,1300A,116.9376,36.665,济南市,农科所,颗粒物(PM10),66,81,77,29,19,47,,,,29,19,6,7,0.4,0.3
2025-04-14T0600,1301A,117.1265,36.6734,济南市,开发区,颗粒物(PM10),69,88,75,22,23,68,,,,19,13,8,7,0.4,0.4
2025-04-14T0600,1303A,117.0624,36.6868,济南市,省种子仓库,颗粒物(PM10),80,110,99,27,18,56,,,,16,8,12,11,0.6,0.6
2025-04-14T0600,1304A,116.9489,36.6447,济南市,机床二厂,颗粒物(PM10),77,103,102,17,12,50,,,,33,20,8,8,0.4,0.4
2025-04-14T0600,1305A,117.0495,36.663,济南市,市监测站,颗粒物(PM10),74,98,108,20,13,60,,,,19,15,8,8,0.4,0.4
2025-04-14T0600,1306A,116.7675,36.5484,济南市,长清党校,颗粒物(PM10),70,90,80,27,18,56,,,,29,16,5,6,0.4,0.4
2025-04-14T0600,1616A,117.6795,36.229,济南市,技术学院,颗粒物(PM10),74,97,85,36,16,78,,,,14,12,10,10,0.5,0.5
2025-04-14T0600,1961A,117.532,36.6868,济南市,东山小学,,,120,81,,13,66,,,,18,8,6,6,0.3,0.3
2025-04-14T0600,3059A,117.7161,36.2049,济南市,泰兴公司,颗粒物(PM10),73,95,67,27,16,79,,,,13,11,9,9,0.4,0.5
2025-04-14T0600,3064A,117.6867,36.2171,济南市,莱芜战役纪念馆,颗粒物(PM10),68,85,73,19,12,82,,,,14,15,4,6,0.4,0.5
2025-04-14T0600,3494A,117.1673,36.9782,济南市,济阳区政府,颗粒物(PM10),80,110,85,34,15,62,,,,25,21,8,9,0.4,0.3
2025-04-14T0600,3495A,117.1171,36.63,济南市,锦屏中学,颗粒物(PM10),66,81,73,17,16,68,,,,18,13,8,8,0.2,0.2
2025-04-14T0600,3682A,116.9814,36.6819,济南市,济南四建,颗粒物(PM10),67,83,82,17,21,53,,,,27,16,5,5,0.4,0.2
2025-04-14T0600,1653A,116.6251,35.4302,济宁市,火炬城,颗粒物(PM10),60,70,77,17,24,43,,,,14,8,5,5,0.2,0.2
2025-04-14T0600,1655A,116.5491,35.4042,济宁市,电化厂,颗粒物(PM10),77,104,112,27,35,48,,,,27,22,3,3,0.1,0.1
2025-04-14T0600,3500A,116.5814,35.3707,济宁市,北湖一中,颗粒物(PM10),55,59,77,14,16,54,,,,19,18,2,3,0.1,0.1
2025-04-14T0600,3501A,116.8249,35.5593,济宁市,服务中心,颗粒物(PM10),63,75,70,15,22,51,,,,22,20,4,3,0.8,0.6
2025-04-14T0600,3678A,116.5907,35.4054,济宁市,市第七中学,颗粒物(PM10),62,74,99,7,12,51,,,,19,15,3,2,0.3,0.3
2025-04-14T0600,2255A,130.2751,46.8028,佳木斯市,佳纺,,24,10,52,3,32,75,,,,4,12,7,8,0.6,0.7
2025-04-14T0600,2256A,130.3995,46.8307,佳木斯市,发电厂,,23,17,56,6,30,73,,,,7,14,4,10,0.6,0.7
2025-04-14T0600,2257A,130.3258,46.7975,佳木斯市,环保局,,25,9,50,3,31,77,,,,10,22,3,4,0.4,0.5
2025-04-14T0600,2258A,130.3648,46.8032,佳木斯市,十一中,,22,6,47,3,29,70,,,,11,15,7,8,0.5,0.5
2025-04-14T0600,2259A,130.3794,46.7588,佳木斯市,四丰,,20,7,51,3,32,64,,,,2,13,1,1,0.9,1.1
2025-04-14T0600,1252A,120.7436,30.778,嘉兴市,清河小学,颗粒物(PM10),120,190,138,45,31,54,,,,32,15,6,7,0.8,0.8
2025-04-14T0600,1253A,120.726,30.7478,嘉兴市,嘉兴学院,颗粒物(PM10),108,165,129,43,29,65,,,,32,19,9,6,1.0,0.9
2025-04-14T0600,2872A,120.7846,30.7525,嘉兴市,南湖区残联,颗粒物(PM10),107,163,147,63,45,72,,,,22,13,8,6,0.5,0.5
2025-04-14T0600,3407A,120.6916,30.7739,嘉兴市,秀洲住建,颗粒物(PM10),119,187,136,51,33,56,,,,31,16,6,8,0.4,0.4
2025-04-14T0600,1945A,98.2908,39.7711,嘉峪关市,气象局,,27,27,24,12,8,65,,,,19,17,20,14,0.7,0.6
2025-04-14T0600,2884A,98.2672,39.7978,嘉峪关市,酒钢宾馆,,48,48,33,14,12,46,,,,23,17,13,20,0.4,0.4
2025-04-14T0600,3248A,98.2643,39.7724,嘉峪关市,雄关区,,33,33,26,19,14,63,,,,17,21,9,9,0.5,0.5
2025-04-14T0600,1383A,113.1064,22.6058,江门市,北街,颗粒物(PM10),154,258,366,83,91,7,,,,56,36,4,5,0.5,0.4
2025-04-14T0600,1384A,113.0731,22.5835,江门市,西区,颗粒物(PM10),168,286,399,84,77,2,,,,60,39,11,10,0.5,0.4
2025-04-14T0600,1385A,113.0219,22.5311,江门市,圭峰西,颗粒物(PM10),167,283,353,75,88,30,,,,26,24,10,8,0.4,0.3
2025-04-14T0600,1386A,113.0828,22.5947,江门市,东湖,颗粒物(PM10),159,267,371,83,98,4,,,,54,36,8,8,0.4,0.4
2025-04-14T0600,3311A,113.1075,22.5647,江门市,江海富民,颗粒物(PM10),162,273,361,82,84,12,,,,46,34,13,9,0.6,0.6
2025-04-14T0600,3449A,113.05,22.4667,江门市,新会银湖,颗粒物(PM10),154,258,358,80,94,3,,,,37,31,6,3,0.5,0.4
2025-04-14T0600,1830A,113.1992,35.2590,焦作市,影视城,,,,,,,,,,,,,,,,
2025-04-14T0600,3169A,113.2725,35.2067,焦作市,太极体育中心,颗粒物(PM10),87,124,134,32,27,44,,,,28,11,21,9,0.5,0.3
2025-04-14T0600,3335A,113.3137,35.2641,焦作市,马村街道办,,,77,101,33,42,62,,,,14,8,,,0.2,0.1
2025-04-14T0600,3336A,113.2465,35.2373,焦作市,焦作技师学院,,49,49,131,3,19,82,,,,8,10,6,6,0.4,0.4
2025-04-14T0600,3477A,113.1656,35.2539,焦作市,中站许衡医院,,48,48,95,19,22,87,,,,7,9,8,8,0.5,0.5
2025-04-14T0600,3981A,113.2449,35.1803,焦作市,原李万街道办,,,97,122,,15,43,,,,27,13,18,10,0.6,0.5
2025-04-14T0600,4264A,113.2340,35.2190,焦作市,新安路1731号,颗粒物(PM10),55,59,122,9,21,74,,,,12,7,8,6,0.3,0.4
2025-04-14T0600,1708A,116.3701,23.5345,揭阳市,新兴,颗粒物(PM10),83,116,140,41,43,23,,,,36,22,8,6,0.6,0.5
2025-04-14T0600,1709A,116.3264,23.5443,揭阳市,西马,颗粒物(PM10),83,116,145,35,44,21,,,,33,20,9,8,0.5,0.4
2025-04-14T0600,1710A,116.3611,23.5626,揭阳市,东兴,颗粒物(PM10),81,112,145,33,38,13,,,,49,21,17,9,0.7,0.6
2025-04-14T0600,1711A,116.4151,23.5294,揭阳市,渔湖,颗粒物(PM10),81,111,140,41,45,14,,,,40,21,6,6,0.5,0.4
2025-04-14T0600,3320A,116.403,23.5699,揭阳市,曲溪,颗粒物(PM10),73,96,152,43,46,37,,,,30,26,2,2,0.3,0.4
2025-04-14T0600,1944A,102.1692,38.5167,金昌市,天庆家园,,32,28,43,22,15,56,,,,17,9,29,9,0.7,0.6
2025-04-14T0600,4022A,102.1647,38.5371,金昌市,金川区人防中心,颗粒物(PM10),52,53,68,21,19,42,,,,16,8,17,13,0.7,0.6
2025-04-14T0600,4239A,102.1930,38.5319,金昌市,长春路96号,颗粒物(PM10),55,59,72,23,16,33,,,,36,8,41,18,0.8,0.6
2025-04-14T0600,1262A,119.647,29.077,金华市,十五中,颗粒物(PM10),64,77,172,23,37,28,,,,32,20,6,7,0.4,0.4
2025-04-14T0600,1263A,119.686,29.1029,金华市,监测站,颗粒物(PM10),76,101,189,27,43,37,,,,23,16,6,6,0.3,0.3
2025-04-14T0600,3659A,119.656,29.1131,金华市,气象局,颗粒物(PM10),91,131,192,41,50,48,,,,35,21,8,5,0.5,0.4
2025-04-14T0600,1767A,121.1115,41.0879,锦州市,南山,,29,,18,3,8,91,,,,7,10,7,8,0.5,0.5
2025-04-14T0600,1768A,121.0604,40.8428,锦州市,开发区,,29,10,24,6,7,90,,,,9,10,10,5,0.6,0.5
2025-04-14T0600,1769A,121.1836,41.1119,锦州市,百股街道,,28,13,20,3,3,89,,,,5,8,5,7,0.4,0.4
2025-04-14T0600,1770A,121.1178,41.1222,锦州市,天安街道,,28,11,18,3,6,87,,,,8,10,8,11,0.4,0.4
2025-04-14T0600,1771A,121.1303,41.1386,锦州市,北湖公园,,28,10,16,3,7,88,,,,10,11,7,8,0.5,0.5
2025-04-14T0600,2160A,112.85,35.5051,晋城市,自来水公司,颗粒物(PM10),68,85,114,9,17,71,,,,14,10,13,8,0.4,0.4
2025-04-14T0600,2161A,112.8318,35.4936,晋城市,白云商贸,颗粒物(PM10),68,86,144,9,57,73,,,,13,12,6,6,0.5,0.5
2025-04-14T0600,2162A,112.8508,35.4887,晋城市,市环保局,颗粒物(PM10),71,91,116,7,15,70,,,,11,8,6,5,0.2,0.3
2025-04-14T0600,2163A,112.8676,35.4897,晋城市,技术学院,颗粒物(PM10),66,82,158,17,30,65,,,,17,11,12,6,0.4,0.3
2025-04-14T0600,2165A,112.8453,35.546,晋城市,白马寺,颗粒物(PM10),54,57,92,17,32,76,,,,9,17,10,5,0.6,0.6
2025-04-14T0600,3620A,112.8271,35.4828,晋城市,泽州一中,颗粒物(PM10),60,70,110,19,22,76,,,,10,8,8,7,0.4,0.4
2025-04-14T0600,2173A,112.7249,37.7067,晋中市,南都小区,,27,24,49,10,11,86,,,,6,9,3,4,0.2,0.3
2025-04-14T0600,2174A,112.6991,37.6982,晋中市,榆次区政府,,25,,57,13,10,77,,,,14,10,4,5,0.2,0.1
2025-04-14T0600,2865A,112.7195,37.6828,晋中市,榆次三中,,25,17,66,3,11,77,,,,13,8,3,3,0.1,0.1
2025-04-14T0600,4200A,112.7478,37.6954,晋中市,迎宾街26号,,28,12,59,3,6,88,,,,3,5,2,3,0,0.4
2025-04-14T0600,2439A,112.2014,31.0481,荆门市,竹园小学,颗粒物(PM10),125,200,341,62,99,40,,,,31,20,4,5,0.4,0.2
2025-04-14T0600,2440A,112.1969,30.9891,荆门市,掇刀,颗粒物(PM10),129,208,313,68,89,62,,,,14,15,9,10,0.2,0.3
2025-04-14T0600,2441A,112.2213,31.0386,荆门市,石化一小,颗粒物(PM10),128,206,326,61,92,38,,,,26,23,8,10,0.4,0.3
2025-04-14T0600,3012A,112.1849,31.0362,荆门市,西山林语,颗粒物(PM10),98,146,285,56,82,63,,,,6,8,5,6,0.1,0.2
2025-04-14T0600,3547A,112.1632,31.0138,荆门市,龙泉中学南校,颗粒物(PM10),131,211,342,64,87,61,,,,22,16,6,6,0.2,0.3
2025-04-14T0600,1844A,112.2494,30.3197,荆州市,市图书馆,颗粒物(PM10),153,256,260,96,81,66,,,,16,15,7,5,0.6,0.5
2025-04-14T0600,1845A,112.2008,30.3544,荆州市,市委党校,颗粒物(PM10),152,254,260,90,83,51,,,,20,16,9,6,0.6,0.5
2025-04-14T0600,3194A,112.2747,30.3122,荆州市,管委会,颗粒物(PM10),140,230,242,95,85,71,,,,15,15,7,6,0.5,0.4
2025-04-14T0600,4268A,112.1722,30.3366,荆州市,学苑路85号,颗粒物(PM10),149,248,235,82,79,61,,,,16,17,1,1,0.3,0.3
2025-04-14T0600,2342A,117.3102,29.3867,景德镇市,王港中学,,,,,,,,,,,,,,,,
2025-04-14T0600,2343A,117.2117,29.2933,景德镇市,老干部活动中心,颗粒物(PM10),87,124,189,33,45,31,,,,20,20,9,9,0.4,0.4
2025-04-14T0600,2344A,117.1894,29.2789,景德镇市,兽医站,颗粒物(PM10),100,149,225,29,42,18,,,,31,20,4,8,0.4,0.5
2025-04-14T0600,2345A,117.1547,29.2617,景德镇市,台达陶瓷,颗粒物(PM10),112,173,244,51,46,17,,,,40,27,70,53,0.7,0.5
2025-04-14T0600,2346A,117.2461,29.2956,景德镇市,陶研所,颗粒物(PM10),78,106,170,34,55,19,,,,23,15,5,9,0.4,0.4
2025-04-14T0600,1803A,115.9872,29.6815,九江市,十里,颗粒物(PM10),119,187,164,48,41,76,,,,14,16,4,3,0.4,0.3
2025-04-14T0600,1804A,115.9584,29.7046,九江市,茅山头,颗粒物(PM10),124,197,178,39,37,71,,,,22,15,6,5,0.3,0.3
2025-04-14T0600,1805A,115.9877,29.7295,九江市,西园,颗粒物(PM10),108,165,166,48,39,87,,,,19,24,8,6,0.8,0.7
2025-04-14T0600,1808A,115.9114,29.6038,九江市,综合工业园,颗粒物(PM10),129,207,198,57,48,75,,,,21,22,7,7,0.5,0.5
2025-04-14T0600,1809A,116.0721,29.7535,九江市,石化总厂,颗粒物(PM10),126,201,193,49,50,76,,,,18,23,5,4,0.5,0.5
2025-04-14T0600,1810A,115.9773,29.5698,九江市,庐山气象台,颗粒物(PM10),137,224,160,54,38,88,,,,5,5,7,6,0.4,0.6
2025-04-14T0600,3190A,116.0254,29.6994,九江市,外国语学校,颗粒物(PM10),135,219,194,63,47,73,,,,17,16,10,8,0.9,0.8
2025-04-14T0600,4253A,116.0102,29.6594,九江市,莲花大道8号,颗粒物(PM10),136,222,179,58,44,82,,,,8,9,6,4,0.4,0.4
2025-04-14T0600,4240A,98.4958,39.7339,酒泉市,玉门东路5号,颗粒物(PM10),57,63,38,34,22,31,,,,37,16,10,13,0.3,0.4
2025-04-14T0600,4241A,98.5099,39.7506,酒泉市,北大街108号,,36,36,38,22,15,44,,,,26,20,13,14,0.1,0.4
2025-04-14T0600,2698A,76.0072,39.4467,喀什地区,巡警大队,颗粒物(PM10),421,521,643,144,166,7,,,,45,34,5,4,0.8,0.6
2025-04-14T0600,2699A,75.9755,39.4694,喀什地区,吾办,颗粒物(PM10),329,443,593,161,200,21,,,,22,24,5,4,0.7,0.6
2025-04-14T0600,4027A,75.9483,39.4689,喀什地区,老干局,颗粒物(PM10),348,458,606,115,159,27,,,,18,23,3,2,0.2,0.4
2025-04-14T0600,1824A,114.3389,34.7781,开封市,肿瘤医院,,47,47,140,14,22,53,,,,23,14,8,9,0.5,0.5
2025-04-14T0600,1826A,114.2885,34.7965,开封市,世纪星幼儿园,颗粒物(PM10),60,70,133,12,42,46,,,,20,19,4,6,0.6,0.5
2025-04-14T0600,3147A,114.3438,34.8106,开封市,龙亭公园,颗粒物(PM10),59,68,147,19,41,72,,,,17,19,2,4,0.5,0.5
2025-04-14T0600,3210A,114.3644,34.7964,开封市,汴京公园,细颗粒物(PM2.5),65,74,181,47,53,63,,,,18,16,3,4,1.0,0.9
2025-04-14T0600,3473A,114.2485,34.8306,开封市,技师学院,颗粒物(PM10),65,80,125,22,41,62,,,,21,22,2,3,0.7,0.7
2025-04-14T0600,3592A,114.4644,34.7556,开封市,祥符区生态环境局,颗粒物(PM10),71,92,159,28,31,16,,,,56,26,7,9,0.7,0.6
2025-04-14T0600,1951A,84.895,45.6094,克拉玛依市,长征新村,,34,34,52,7,13,97,,,,6,13,8,9,0.2,0.3
2025-04-14T0600,1952A,84.8988,45.5893,克拉玛依市,南林小区,,36,36,58,16,17,102,,,,2,12,3,4,0.4,0.5
2025-04-14T0600,1954A,84.905,44.3396,克拉玛依市,独山子区,颗粒物(PM10),94,138,77,43,20,90,,,,3,9,6,8,0.1,0.2
2025-04-14T0600,1955A,85.6979,46.098,克拉玛依市,乌尔禾区商贸楼,,21,21,48,6,10,60,,,,1,7,6,7,0.3,0.3
2025-04-14T0600,3612A,85.1045,45.6899,克拉玛依市,白碱滩区新站,,48,48,51,10,11,86,,,,7,9,11,11,0.3,0.3
2025-04-14T0600,2697A,76.1454,39.7142,克孜勒苏柯尔克孜自治州,市人民政府,颗粒物(PM10),452,552,650,166,198,66,,,,6,10,12,6,0.2,0.2
2025-04-14T0600,3665A,76.1658,39.7157,克孜勒苏柯尔克孜自治州,克州文化中心,颗粒物(PM10),408,508,621,177,204,60,,,,12,14,18,12,0.3,0.3
2025-04-14T0600,1450A,102.8204,24.8886,昆明市,呈贡新区,颗粒物(PM10),63,76,85,37,37,15,,,,61,32,5,9,0.6,0.5
2025-04-14T0600,1451A,102.6251,24.9608,昆明市,西山森林公园,,,,,,,,,,,,,,,,
2025-04-14T0600,1452A,102.7252,25.0902,昆明市,龙泉镇,颗粒物(PM10),51,52,64,26,28,24,,,,33,29,8,10,0.6,0.5
2025-04-14T0600,1453A,102.7266,25.0375,昆明市,东风东路,颗粒物(PM10),65,79,84,37,35,28,,,,44,26,11,11,0.7,0.5
2025-04-14T0600,1454A,102.6742,25.0669,昆明市,金鼎山,颗粒物(PM10),56,61,76,32,35,31,,,,38,29,8,10,0.9,0.7
2025-04-14T0600,1455A,102.6644,25.0401,昆明市,碧鸡广场,颗粒物(PM10),58,65,73,30,29,26,,,,40,27,8,10,0.9,0.7
2025-04-14T0600,3179A,102.7494,25.0119,昆明市,官渡区博物馆,"颗粒物(PM10),细颗粒物(PM2.5)",70,89,80,51,32,3,,,,75,29,7,8,1.1,0.5
2025-04-14T0600,3375A,102.8017,24.8336,昆明市,青年创业园,颗粒物(PM10),59,68,89,27,30,19,,,,43,29,8,11,0.6,0.4
2025-04-14T0600,3550A,102.7997,24.9786,昆明市,昆明学院,颗粒物(PM10),87,123,103,51,37,16,,,,58,27,7,8,0.7,0.4
2025-04-14T0600,3551A,102.5967,24.6736,昆明市,晋宁区生态环境分局,颗粒物(PM10),52,53,65,29,32,50,,,,17,14,7,10,0.9,0.7
2025-04-14T0600,3552A,102.6678,24.9856,昆明市,云天化总部,颗粒物(PM10),56,62,70,32,27,24,,,,44,25,9,9,0.9,0.6
2025-04-14T0600,1456A,91.1319,29.6514,拉萨市,八廓街,,40,15,19,3,8,126,,,,9,13,5,8,0.5,0.5
2025-04-14T0600,1457A,91.1221,29.6747,拉萨市,市环保局,,39,15,19,7,8,124,,,,11,15,4,5,0.3,0.3
2025-04-14T0600,1458A,91.0874,29.6475,拉萨市,区监测站,,40,8,16,7,8,126,,,,6,15,6,7,0.5,0.5
2025-04-14T0600,1459A,91.1774,29.6541,拉萨市,西藏大学,,37,17,16,7,8,118,,,,10,14,5,7,0.3,0.3
2025-04-14T0600,1460A,90.9798,29.6588,拉萨市,区辐射站,,36,10,18,6,9,113,,,,17,19,8,9,0.4,0.4
2025-04-14T0600,1461A,91.0834,29.6292,拉萨市,拉萨火车站,,40,12,16,7,7,128,,,,4,11,3,5,0.2,0.2
2025-04-14T0600,2520A,109.2203,23.7256,来宾市,来宾技工学校,颗粒物(PM10),138,226,227,79,59,7,,,,40,25,23,15,0.8,0.7
2025-04-14T0600,3535A,109.1781,23.7297,来宾市,兴宾区政府,颗粒物(PM10),137,223,207,67,66,20,,,,19,15,5,10,0.5,0.5
2025-04-14T0600,4002A,109.2416,23.7461,来宾市,中南小学,颗粒物(PM10),157,263,241,72,55,3,,,,43,25,10,12,0.6,0.5
2025-04-14T0600,1477A,104.1373,35.9454,兰州市,榆中兰大校区,,,,,,,,,,,,,,,,
2025-04-14T0600,1479A,103.831,36.0464,兰州市,铁路设计院,颗粒物(PM10),82,113,146,40,36,17,,,,57,52,13,13,0.6,0.9
2025-04-14T0600,3241A,103.7439,36.0842,兰州市,百合公园,颗粒物(PM10),93,136,129,38,34,31,,,,35,34,6,12,0.6,0.6
2025-04-14T0600,3242A,103.9611,35.998,兰州市,和平,颗粒物(PM10),69,88,164,32,52,80,,,,3,16,7,14,0.4,0.7
2025-04-14T0600,4236A,103.6293,36.0938,兰州市,庄浪东路808号,颗粒物(PM10),86,121,141,47,52,53,,,,24,26,7,14,0.2,0.4
2025-04-14T0600,4237A,103.7251,36.1043,兰州市,安宁西路88号,颗粒物(PM10),94,137,172,46,48,32,,,,32,26,6,13,0.3,0.4
2025-04-14T0600,4238A,103.8470,36.0676,兰州市,北滨河东路1号,颗粒物(PM10),87,124,146,47,44,16,,,,52,44,8,14,0.6,0.8
2025-04-14T0600,3245A,103.6633,36.533,兰州新区,新区管委会,颗粒物(PM10),59,68,98,30,32,64,,,,10,10,10,14,0.3,0.4
2025-04-14T0600,3246A,103.6975,36.4789,兰州新区,舟曲中学,颗粒物(PM10),68,85,140,30,37,66,,,,14,13,13,11,0.2,0.1
2025-04-14T0600,1067A,116.6708,39.5111,廊坊市,药材公司,,29,18,72,8,18,91,,,,5,5,1,1,0.3,0.3
2025-04-14T0600,1068A,116.7214,39.5589,廊坊市,开发区,,29,27,102,9,19,91,,,,5,4,1,2,0.2,0.3
2025-04-14T0600,1070A,116.7244,39.5269,廊坊市,北华航天学院,,34,34,106,3,12,90,,,,8,8,3,4,0.2,0.2
2025-04-14T0600,2919A,116.7022,39.5453,廊坊市,河北工业大学,,29,22,91,9,24,91,,,,5,4,5,5,0.2,0.3
2025-04-14T0600,2535A,103.7723,29.5462,乐山市,花湖湾,颗粒物(PM10),92,133,187,55,70,23,,,,33,24,8,7,1.0,0.6
2025-04-14T0600,2536A,103.7627,29.5844,乐山市,牛耳桥,颗粒物(PM10),75,99,181,39,61,2,,,,31,32,6,7,0.6,0.6
2025-04-14T0600,2537A,103.7508,29.6006,乐山市,市第三水厂,颗粒物(PM10),74,97,183,38,56,4,,,,27,26,3,4,0.6,0.6
2025-04-14T0600,2538A,103.7571,29.5664,乐山市,市监测站,颗粒物(PM10),84,118,187,42,63,14,,,,33,23,9,8,1.1,0.8
2025-04-14T0600,3361A,103.7311,29.5628,乐山市,理工大学,颗粒物(PM10),84,117,186,45,63,20,,,,36,26,9,5,1.3,0.7
2025-04-14T0600,2598A,100.2143,26.8576,丽江市,西南郊,,38,35,27,26,14,36,,,,10,9,5,5,0.8,0.7
2025-04-14T0600,2599A,100.2497,26.8802,丽江市,丽江古城,,28,27,28,19,15,38,,,,15,12,10,10,0.5,0.5
2025-04-14T0600,2600A,100.2203,26.8906,丽江市,市中心,,25,23,21,17,13,34,,,,9,10,6,6,0.4,0.4
2025-04-14T0600,1267A,119.914,28.4514,丽水市,监测站大楼,,46,46,104,16,21,8,,,,38,22,2,3,0.1,0.1
2025-04-14T0600,1268A,119.93,28.4586,丽水市,莲都小学,颗粒物(PM10),53,56,108,16,25,19,,,,28,18,3,4,0.2,0.2
2025-04-14T0600,1269A,119.879,28.4231,丽水市,余庄前,,45,45,100,15,28,5,,,,15,12,3,3,0.2,0.2
2025-04-14T0600,1173A,119.176,34.5885,连云港市,市环境监测站,颗粒物(PM10),78,105,72,14,12,51,,,,32,20,9,11,0.6,0.5
2025-04-14T0600,3000A,119.3581,34.6972,连云港市,德源药业,颗粒物(PM10),74,97,77,12,13,38,,,,37,26,9,10,0.4,0.4
2025-04-14T0600,3007A,119.178,34.844,连云港市,新城一中,颗粒物(PM10),59,67,67,26,18,69,,,,14,20,9,9,0.7,0.7
2025-04-14T0600,3008A,119.3608,34.7519,连云港市,胡沟管理处,,,,49,,10,,,72,,,15,,11,,0.5
2025-04-14T0600,3009A,119.1478,34.5911,连云港市,矿山设计院,颗粒物(PM10),79,107,73,19,12,32,,,,50,33,8,9,0.4,0.4
2025-04-14T0600,3434A,119.2413,34.6539,连云港市,工贸学校,颗粒物(PM10),61,71,68,26,17,61,,,,23,20,8,11,0.5,0.5
2025-04-14T0600,3664A,119.4172,34.7341,连云港市,连云街道,颗粒物(PM10),66,82,63,35,17,62,,,,23,20,6,9,0.5,0.5
2025-04-14T0600,2571A,102.3431,27.8099,凉山彝族自治州,青龙寺,,20,20,30,6,8,41,,,,6,10,8,11,0.6,0.6
2025-04-14T0600,2572A,102.2721,27.8415,凉山彝族自治州,邛海宾馆,,28,28,35,14,18,34,,,,26,21,6,11,0.6,0.6
2025-04-14T0600,2573A,102.2625,27.898,凉山彝族自治州,西昌市政府,,25,25,33,16,17,45,,,,16,12,10,11,0.6,0.5
2025-04-14T0600,2574A,102.2685,27.8851,凉山彝族自治州,凉山州政府,,32,32,36,14,16,43,,,,21,16,7,9,0.5,0.7
2025-04-14T0600,4229A,102.2342,27.8859,凉山彝族自治州,凯乐南路30号,,35,35,38,17,18,32,,,,29,20,10,12,0.8,0.8
2025-04-14T0600,2212A,123.2,41.1953,辽阳市,宏伟区,,20,20,22,13,13,50,,,,13,11,9,9,0.7,0.7
2025-04-14T0600,2213A,123.1683,41.2495,辽阳市,新华园,,25,19,22,17,13,52,,,,11,12,9,9,0.7,0.7
2025-04-14T0600,2214A,123.2354,41.2639,辽阳市,滨河路,,25,,23,17,16,45,,,,15,13,6,7,0.6,0.6
2025-04-14T0600,2215A,123.149,41.2991,辽阳市,铁西工业园,,30,21,28,21,21,45,,,,13,12,10,10,0.8,0.7
2025-04-14T0600,2227A,125.1358,42.8845,辽源市,环保局,,30,30,18,7,4,62,,,,12,13,5,6,0.5,0.4
2025-04-14T0600,3239A,125.0764,42.9078,辽源市,银鹰制药,,29,22,9,20,6,59,,,,24,11,7,6,0.7,0.6
2025-04-14T0600,1625A,115.9848,36.4372,聊城市,区政府,,38,38,78,9,16,72,,,,23,24,9,10,0.3,0.3
2025-04-14T0600,2878A,116.0072,36.4343,聊城市,聊大东校,,46,46,88,17,18,69,,,,16,16,7,10,0.6,0.6
2025-04-14T0600,3200A,115.9819,36.4978,聊城市,监控中心,,45,45,81,7,21,61,,,,22,18,6,7,0.4,0.3
2025-04-14T0600,3513A,116.0445,36.4361,聊城市,九州社区,颗粒物(PM10),53,56,81,13,10,75,,,,12,13,12,11,0.5,0.4
2025-04-14T0600,4018A,116.0567,36.4608,聊城市,星美广场,,48,48,71,17,7,72,,,,14,14,8,9,0.6,0.5
2025-04-14T0600,2632A,94.3681,29.6376,林芝市,林芝监测站,,28,10,8,9,6,88,,,,3,6,5,5,0.3,0.3
2025-04-14T0600,2633A,94.3616,29.6616,林芝市,林芝人民医院,,26,14,11,9,7,83,,,,2,4,4,5,0.3,0.3
2025-04-14T0600,2603A,100.0781,23.8982,临沧市,市环保局,,39,39,31,12,26,30,,,,12,12,6,6,0.6,0.6
2025-04-14T0600,2604A,100.0894,23.8822,临沧市,市气象局,,49,35,27,34,27,30,,,,12,13,9,7,0.7,0.7
2025-04-14T0600,1733A,111.5531,36.0783,临汾市,临钢医院,,35,35,156,3,11,72,,,,8,9,4,6,0.2,0.4
2025-04-14T0600,1734A,111.5028,36.0714,临汾市,技工学校,,42,42,157,14,22,72,,,,5,7,1,5,0.3,0.5
2025-04-14T0600,1736A,111.5018,36.0855,临汾市,市委,,44,44,146,3,33,72,,,,6,7,3,5,0.4,0.5
2025-04-14T0600,3018A,111.505,36.1014,临汾市,唐尧大酒店,,40,40,143,3,19,72,,,,3,5,6,7,0.4,0.5
2025-04-14T0600,4244A,111.4879,36.0530,临汾市,启星学校,,40,40,143,12,23,71,,,,2,5,3,5,0.3,0.5
2025-04-14T0600,4271A,103.2464,35.6123,临夏回族自治州,滨河东路1号,颗粒物(PM10),82,113,93,29,29,29,,,,9,14,3,5,0.4,0.4
2025-04-14T0600,4310A,103.2093,35.5995,临夏回族自治州,新华街21号,颗粒物(PM10),76,102,89,32,34,33,,,,21,20,8,10,0.4,0.4
2025-04-14T0600,1618A,118.3429,35.0532,临沂市,沂河小区,颗粒物(PM10),85,119,78,34,18,52,,,,26,10,10,9,0.5,0.5
2025-04-14T0600,1619A,118.295,35.0583,临沂市,鲁南制药厂,颗粒物(PM10),95,139,78,31,22,56,,,,35,21,11,10,0.4,0.3
2025-04-14T0600,1620A,118.2794,34.9976,临沂市,新光毛纺厂,颗粒物(PM10),84,117,73,26,18,66,,,,26,25,6,7,0.2,0.2
2025-04-14T0600,1621A,118.3956,35.0888,临沂市,河东保险公司,颗粒物(PM10),73,95,60,23,11,67,,,,20,14,2,2,0.3,0.3
2025-04-14T0600,3370A,118.3564,35.0215,临沂市,十里堡居委,颗粒物(PM10),95,139,77,31,14,59,,,,28,18,5,4,0.6,0.5
2025-04-14T0600,3496A,118.3604,35.1084,临沂市,南坊新区,颗粒物(PM10),89,127,82,24,14,69,,,,22,16,6,6,0.6,0.5
2025-04-14T0600,3860A,118.3920,35.0300,临沂市,皇山花园小区,颗粒物(PM10),89,127,77,22,14,60,,,,24,10,8,7,0.4,0.3
2025-04-14T0600,1870A,109.4856,24.3895,柳州市,柳东小学,颗粒物(PM10),164,277,256,83,73,7,,,,41,26,24,17,0.7,0.6
2025-04-14T0600,1871A,109.4157,24.3277,柳州市,环保监测站,颗粒物(PM10),147,244,237,67,63,6,,,,42,26,13,11,0.8,0.7
2025-04-14T0600,1872A,109.389,24.341,柳州市,河西水厂,颗粒物(PM10),170,289,230,72,58,8,,,,44,36,11,14,0.9,0.9
2025-04-14T0600,1873A,109.4311,24.2921,柳州市,市四中,颗粒物(PM10),150,249,247,55,51,9,,,,45,25,10,10,0.6,0.6
2025-04-14T0600,1874A,109.4006,24.3631,柳州市,市九中,颗粒物(PM10),180,310,262,68,61,5,,,,42,21,12,13,0.9,0.8
2025-04-14T0600,1875A,109.4958,24.3134,柳州市,古亭山,颗粒物(PM10),138,225,260,56,62,8,,,,37,27,27,16,0.7,0.6
2025-04-14T0600,3402A,109.5422,24.3996,柳州市,市二中,颗粒物(PM10),164,278,274,96,80,2,,,,42,32,32,16,0.5,0.4
2025-04-14T0600,2307A,116.5079,31.737,六安市,监测大楼,颗粒物(PM10),88,126,150,48,39,71,,,,12,7,6,5,0.4,0.3
2025-04-14T0600,2308A,116.4738,31.7643,六安市,皖西学院,颗粒物(PM10),104,157,191,59,42,59,,,,15,6,4,4,0.4,0.4
2025-04-14T0600,2309A,116.4996,31.7905,六安市,朝阳厂,颗粒物(PM10),92,134,158,47,41,67,,,,20,13,4,4,0.3,0.3
2025-04-14T0600,2310A,116.5567,31.7886,六安市,开发区,颗粒物(PM10),103,156,191,60,46,54,,,,30,11,4,4,0.5,0.4
2025-04-14T0600,2576A,104.8,26.5892,六盘水市,窑上,颗粒物(PM10),72,94,108,39,43,57,,,,5,6,4,4,0.3,0.2
2025-04-14T0600,2577A,104.83,26.5917,六盘水市,黄土坡,颗粒物(PM10),84,117,133,40,42,50,,,,15,17,8,9,0.0,0.1
2025-04-14T0600,2578A,104.89,26.5939,六盘水市,水钢,颗粒物(PM10),120,190,167,72,50,17,,,,45,19,12,11,3.1,0.6
2025-04-14T0600,2579A,104.8475,26.5894,六盘水市,民中,颗粒物(PM10),91,132,129,46,42,34,,,,40,19,10,10,0.7,0.4
2025-04-14T0600,2580A,104.9544,26.5506,六盘水市,双水,颗粒物(PM10),112,173,167,51,46,32,,,,22,14,9,10,0.3,0.3
2025-04-14T0600,2335A,117.0189,25.1181,龙岩市,龙岩师专,,,,,,,,,,,,,,,,
2025-04-14T0600,2336A,117.0217,25.1033,龙岩市,龙岩市监测站,颗粒物(PM10),58,65,100,19,26,24,,,,27,17,9,8,0.4,0.3
2025-04-14T0600,2337A,117.0258,25.0661,龙岩市,闽西职业技术学院,颗粒物(PM10),65,79,104,27,30,26,,,,30,19,47,21,0.4,0.3
2025-04-14T0600,2338A,117.0196,25.0306,龙岩市,龙岩学院,颗粒物(PM10),54,58,94,22,27,51,,,,8,6,2,2,0.2,0.2
2025-04-14T0600,2665A,105.0822,33.3261,陇南市,汉王镇固水子,,,,,,,,,,,,,,,,
2025-04-14T0600,2885A,104.9339,33.3826,陇南市,滨江中学,颗粒物(PM10),84,117,228,32,60,39,,,,18,15,10,8,0.6,0.5
2025-04-14T0600,3247A,104.955,33.371,陇南市,市总工会,颗粒物(PM10),71,92,211,30,72,59,,,,6,9,9,8,0.3,0.3
2025-04-14T0600,2487A,111.9589,27.8901,娄底市,电视发射台,颗粒物(PM10),115,179,265,51,65,68,,,,3,4,8,9,0.6,0.6
2025-04-14T0600,2488A,111.9975,27.725,娄底市,市监测站,细颗粒物(PM2.5),133,202,295,101,111,13,,,,25,20,11,13,0.9,0.9
2025-04-14T0600,2489A,112.0194,27.7314,娄底市,市委党校,颗粒物(PM10),139,227,265,79,78,24,,,,24,14,4,5,0.3,0.3
2025-04-14T0600,2490A,111.9561,27.7569,娄底市,涟钢,颗粒物(PM10),121,192,290,59,77,28,,,,16,23,4,16,0.1,0.1
2025-04-14T0600,2491A,111.9892,27.7044,娄底市,市政府,颗粒物(PM10),109,167,266,49,73,17,,,,13,12,3,4,0.4,0.4
2025-04-14T0600,1893A,105.4324,28.9634,泸州市,九狮山,,,,,,,,,,,,,,,,
2025-04-14T0600,1894A,105.4427,28.9063,泸州市,小市上码头,细颗粒物(PM2.5),85,108,138,63,79,8,,,,45,29,4,5,0.8,0.6
2025-04-14T0600,1895A,105.4241,28.8573,泸州市,兰田宪桥,细颗粒物(PM2.5),97,112,148,72,81,7,,,,34,26,6,6,0.6,0.6
2025-04-14T0600,1896A,105.4379,28.8833,泸州市,市环监站,,,,,,,,,,,,,,,,
2025-04-14T0600,4272A,105.3689,28.7783,泸州市,纳溪中医医院,颗粒物(PM10),137,223,313,61,64,24,,,,21,25,6,6,0.6,0.5
2025-04-14T0600,2183A,111.1406,37.5211,吕梁市,环保局,,35,,87,24,22,64,,,,8,10,5,5,0.4,0.3
2025-04-14T0600,2185A,111.1297,37.5136,吕梁市,自来水公司,,22,22,91,10,15,58,,,,12,13,4,4,0.5,0.5
2025-04-14T0600,2867A,111.1283,37.51,吕梁市,马茂庄小学,,35,35,94,10,22,41,,,,30,13,6,2,0.4,0.3
2025-04-14T0600,1812A,112.3931,34.6516,洛阳市,市委党校,颗粒物(PM10),62,74,148,40,49,79,,,,14,14,2,2,0.5,0.4
2025-04-14T0600,1815A,112.494,34.6886,洛阳市,河南林校,颗粒物(PM10),65,80,184,19,37,86,,,,8,9,3,4,0.5,0.5
2025-04-14T0600,1816A,112.3844,34.623,洛阳市,开发区管委会,颗粒物(PM10),70,89,139,38,57,81,,,,12,12,6,6,0.3,0.2
2025-04-14T0600,1817A,112.4267,34.6258,洛阳市,市委新办公区,颗粒物(PM10),65,79,134,14,28,88,,,,9,10,4,4,0.2,0.2
2025-04-14T0600,3340A,112.6005,34.6326,洛阳市,伊滨,颗粒物(PM10),56,61,117,17,31,87,,,,7,8,4,4,0.5,0.4
2025-04-14T0600,3341A,112.4951,34.6332,洛阳市,中移产业园,颗粒物(PM10),90,129,237,24,42,88,,,,6,9,4,5,0.2,0.3
2025-04-14T0600,3593A,112.5736,34.8993,洛阳市,吉利监测站,颗粒物(PM10),65,80,156,12,24,63,,,,16,9,9,6,0.4,0.4
2025-04-14T0600,3635A,112.3677,34.662,洛阳市,河科大西苑校区,颗粒物(PM10),70,89,174,15,26,84,,,,11,12,6,6,0.4,0.4
2025-04-14T0600,3636A,112.4388,34.6781,洛阳市,英才小学,颗粒物(PM10),68,85,160,34,48,87,,,,7,9,6,6,0.3,0.3
2025-04-14T0600,4214A,112.4600,34.6949,洛阳市,春都路1号院,颗粒物(PM10),69,87,183,16,29,92,,,,8,10,6,6,0.4,0.4
2025-04-14T0600,2399A,114.051,33.5699,漯河市,三五一五工厂,颗粒物(PM10),73,95,167,34,38,41,,,,31,12,7,6,0.5,0.4
2025-04-14T0600,2400A,114.0055,33.5698,漯河市,漯河大学,颗粒物(PM10),72,94,157,31,44,50,,,,28,12,10,7,0.3,0.3
2025-04-14T0600,2401A,114.0138,33.5828,漯河市,市水利局,颗粒物(PM10),74,97,161,29,42,28,,,,43,15,8,5,1.0,0.5
2025-04-14T0600,2402A,114.0261,33.5698,漯河市,市广电局,颗粒物(PM10),70,90,162,27,35,58,,,,23,13,10,6,0.4,0.4
2025-04-14T0600,3478A,113.9749,33.5664,漯河市,市图书馆,颗粒物(PM10),73,95,154,27,46,55,,,,26,16,10,5,0.7,0.6
2025-04-14T0600,4250A,114.0892,33.5882,漯河市,韶山路11号,颗粒物(PM10),82,113,158,36,45,14,,,,64,20,12,4,0.5,0.4
2025-04-14T0600,1798A,118.5092,31.6837,马鞍山市,湖东路四小,颗粒物(PM10),115,180,180,50,52,64,,,,30,14,16,9,1.7,0.6
2025-04-14T0600,1799A,118.5024,31.6449,马鞍山市,开发区,颗粒物(PM10),116,181,179,62,62,,,,,38,18,26,8,1.8,0.6
2025-04-14T0600,1802A,118.6245,31.7241,马鞍山市,濮塘,颗粒物(PM10),101,151,178,56,48,75,,,,13,10,10,10,0.5,0.5
2025-04-14T0600,3633A,118.4918,31.6809,马鞍山市,雨山,颗粒物(PM10),119,188,187,53,57,42,,,,52,14,36,9,2.4,0.8
2025-04-14T0600,4191A,118.5274,31.72227,马鞍山市,慈湖高新区,颗粒物(PM10),123,195,216,71,68,53,,,,33,19,,12,0.7,0.6
2025-04-14T0600,1686A,111.0286,21.4688,茂名市,电白南海,颗粒物(PM10),178,305,300,92,78,26,,,,36,23,48,8,0.9,0.7
2025-04-14T0600,1687A,110.9294,21.6533,茂名市,茂石化七小,颗粒物(PM10),168,285,289,88,78,30,,,,30,20,48,15,1.6,0.9
2025-04-14T0600,1688A,110.9107,21.6687,茂名市,健康路,颗粒物(PM10),159,268,286,85,78,26,,,,30,17,54,21,1.4,0.8
2025-04-14T0600,1689A,110.8592,21.6828,茂名市,高岭,颗粒物(PM10),170,290,323,75,80,17,,,,27,22,35,18,1.0,0.6
2025-04-14T0600,3450A,111.01,21.5165,茂名市,电白水东,颗粒物(PM10),163,276,294,70,77,41,,,,31,20,25,13,0.6,0.5
2025-04-14T0600,2539A,104.0308,30.0478,眉山市,黑龙滩水库,颗粒物(PM10),67,83,147,19,24,45,,,,10,8,3,2,0.3,0.3
2025-04-14T0600,2540A,103.8416,30.0874,眉山市,气象局,颗粒物(PM10),81,111,200,29,47,2,,,,38,37,3,2,0.6,0.5
2025-04-14T0600,3137A,103.8578,30.0744,眉山市,市委党校,颗粒物(PM10),70,90,173,34,45,2,,,,51,37,7,6,0.7,0.7
2025-04-14T0600,3148A,103.8291,30.0564,眉山市,区人社局,,49,48,80,34,48,2,,,,61,44,11,9,0.7,0.7
2025-04-14T0600,1690A,116.1231,24.3284,梅州市,梅江月梅,颗粒物(PM10),66,82,124,26,34,4,,,,28,19,4,4,0.4,0.4
2025-04-14T0600,1691A,116.0797,24.2719,梅州市,梅县新城,颗粒物(PM10),73,95,128,28,37,32,,,,14,17,5,5,0.4,0.4
2025-04-14T0600,1692A,116.1248,24.2654,梅州市,环境监控中心,颗粒物(PM10),73,96,126,35,36,13,,,,36,19,9,7,0.5,0.4
2025-04-14T0600,3315A,116.1233,24.2991,梅州市,梅龙,颗粒物(PM10),62,73,130,26,36,21,,,,16,17,7,6,0.4,0.4
2025-04-14T0600,1878A,104.7778,31.4741,绵阳市,富乐山,颗粒物(PM10),90,130,242,47,76,52,,,,18,25,7,8,0.4,0.4
2025-04-14T0600,1880A,104.6697,31.4668,绵阳市,高新区自来水公司,颗粒物(PM10),91,131,183,51,59,2,,,,59,43,4,5,0.7,0.5
2025-04-14T0600,1881A,104.7287,31.5075,绵阳市,三水厂,颗粒物(PM10),94,137,238,51,74,2,,,,51,39,6,7,0.9,0.7
2025-04-14T0600,3491A,104.69,31.5322,绵阳市,西科大附属小学,颗粒物(PM10),95,139,212,44,67,21,,,,50,38,7,9,0.8,0.6
2025-04-14T0600,3492A,104.5648,31.5343,绵阳市,安州区旅游局,颗粒物(PM10),81,111,180,31,49,28,,,,26,26,8,10,0.4,0.3
2025-04-14T0600,4226A,104.7651,31.4531,绵阳市,绵阳市气象局,颗粒物(PM10),96,142,256,47,73,35,,,,30,34,6,7,0.4,0.4
2025-04-14T0600,1784A,129.61,44.561,牡丹江市,环保大楼,,36,,28,25,18,72,,,,7,8,6,7,0.2,0.2
2025-04-14T0600,1785A,129.6115,44.5782,牡丹江市,文化广场,,33,33,34,18,21,65,,,,11,9,10,11,0.4,0.5
2025-04-14T0600,1786A,129.5904,44.5963,牡丹江市,第一医院,,40,40,33,19,21,53,,,,18,8,10,7,0.4,0.3
2025-04-14T0600,1787A,129.6364,44.6075,牡丹江市,机车工厂,颗粒物(PM10),69,87,60,26,22,42,,,,18,15,10,11,0.5,0.5
2025-04-14T0600,1788A,129.6386,44.5462,牡丹江市,第一中学,,35,,24,24,15,49,,,,11,4,7,7,0.5,0.5
2025-04-14T0600,2531A,105.0703,29.61,内江市,市监测站,颗粒物(PM10),98,146,203,61,71,20,,,,24,24,11,10,0.7,0.6
2025-04-14T0600,2532A,105.0717,29.5947,内江市,东兴区政府,颗粒物(PM10),94,138,213,42,59,7,,,,31,30,5,5,0.5,0.5
2025-04-14T0600,2533A,105.0653,29.5817,内江市,内江二中,颗粒物(PM10),94,138,222,54,72,3,,,,39,35,8,7,0.5,0.5
2025-04-14T0600,2534A,105.0406,29.5822,内江市,内江日报社,颗粒物(PM10),113,175,248,65,77,9,,,,43,34,9,7,0.4,0.4
2025-04-14T0600,2628A,92.0657,31.4846,那曲市,那曲监测站,,26,12,24,8,14,81,,,,11,18,6,8,0.7,0.6
2025-04-14T0600,4243A,92.0515,31.4787,那曲市,那曲市委宣传部,,34,13,18,8,10,107,,,,8,11,5,6,0.6,0.4
2025-04-14T0600,1290A,115.8931,28.6843,南昌市,省外办,颗粒物(PM10),120,189,239,63,75,56,,,,24,22,17,14,0.4,0.5
2025-04-14T0600,1291A,115.8886,28.7003,南昌市,省林业公司,颗粒物(PM10),152,254,327,68,76,53,,,,15,14,21,15,0.5,0.3
2025-04-14T0600,1292A,115.8126,28.7442,南昌市,林科所,颗粒物(PM10),148,246,305,63,68,62,,,,14,15,13,12,0.3,0.4
2025-04-14T0600,1294A,115.8518,28.687,南昌市,建工学校,颗粒物(PM10),156,261,322,79,76,56,,,,15,14,18,13,0.7,0.5
2025-04-14T0600,1295A,115.8921,28.6424,南昌市,象湖,颗粒物(PM10),133,215,277,63,70,66,,,,12,14,18,15,0.5,0.4
2025-04-14T0600,1296A,115.7423,28.7996,南昌市,武术学校,颗粒物(PM10),96,141,208,27,37,51,,,,2,4,8,10,0.5,0.5
2025-04-14T0600,3046A,115.9084,28.6062,南昌市,机电学校,颗粒物(PM10),148,245,323,68,75,49,,,,29,23,17,11,0.5,0.4
2025-04-14T0600,3690A,115.9721,28.7031,南昌市,外国语学校,颗粒物(PM10),148,246,315,57,63,70,,,,16,18,17,11,0.1,0
2025-04-14T0600,4192A,115.9316,28.68677,南昌市,南京东路235号,颗粒物(PM10),156,261,340,63,73,68,,,,20,21,12,10,0.5,0.4
2025-04-14T0600,1905A,106.056,30.8064,南充市,西山风景区,颗粒物(PM10),175,299,311,90,100,80,,,,10,13,10,6,0.4,0.4
2025-04-14T0600,1906A,106.0789,30.8023,南充市,南充市委,颗粒物(PM10),165,280,391,82,113,34,,,,16,26,4,4,0.4,0.5
2025-04-14T0600,1907A,106.1031,30.8217,南充市,南充炼油厂,颗粒物(PM10),147,243,392,87,120,4,,,,32,27,3,4,0.5,0.5
2025-04-14T0600,4227A,106.1083,30.7884,南充市,梨树横街98号,颗粒物(PM10),164,278,405,60,73,8,,,,34,26,5,6,0.3,0.3
2025-04-14T0600,4304A,106.1172,30.843,南充市,清泉寺北路188号,颗粒物(PM10),182,314,387,86,101,34,,,,23,22,8,5,0.2,0.2
2025-04-14T0600,4305A,106.067,30.7616,南充市,同庆路1号,颗粒物(PM10),160,270,367,83,98,16,,,,31,25,4,5,0.4,0.4
2025-04-14T0600,1151A,118.8086,32.1065,南京市,迈皋桥,颗粒物(PM10),57,64,120,14,32,79,,,,14,10,4,4,0.3,0.2
2025-04-14T0600,1152A,118.7538,32.0551,南京市,草场门,颗粒物(PM10),64,78,164,14,34,83,,,,17,17,6,5,0.6,0.5
2025-04-14T0600,1153A,118.7794,32.0745,南京市,山西路,颗粒物(PM10),70,90,191,27,42,84,,,,16,16,4,4,0.2,0.1
2025-04-14T0600,1154A,118.7752,32.0023,南京市,中华门,颗粒物(PM10),68,85,150,34,41,67,,,,11,14,10,10,0.9,0.5
2025-04-14T0600,1155A,118.8109,32.0309,南京市,瑞金路,颗粒物(PM10),62,73,154,14,32,76,,,,1,6,6,6,0.3,0.3
2025-04-14T0600,1156A,118.7997,32.0754,南京市,玄武湖,颗粒物(PM10),80,109,146,15,25,69,,,,14,11,6,6,0.5,0.4
2025-04-14T0600,1157A,118.6414,32.0931,南京市,浦口,颗粒物(PM10),78,105,144,17,21,85,,,,18,19,9,6,0.4,0.4
2025-04-14T0600,1158A,118.7356,31.9996,南京市,奥体中心,颗粒物(PM10),67,84,160,39,35,64,,,,23,17,8,8,0.3,0.4
2025-04-14T0600,1159A,118.9125,32.1028,南京市,仙林大学城,颗粒物(PM10),69,88,191,14,41,69,,,,20,12,14,11,1.0,0.7
2025-04-14T0600,3422A,118.8436,31.9198,南京市,江宁彩虹桥,颗粒物(PM10),115,180,174,29,37,72,,,,12,7,3,5,0.5,0.6
2025-04-14T0600,3427A,118.8554,32.3578,南京市,六合雄州,颗粒物(PM10),55,60,120,14,21,65,,,,7,4,4,5,0.3,0.3
2025-04-14T0600,4249A,118.8708,31.3402,南京市,汶溪路181号,颗粒物(PM10),127,204,144,80,43,68,,,,24,15,6,4,0.6,0.5
2025-04-14T0600,4312A,119.019,31.6512,南京市,中山西路1号,颗粒物(PM10),98,146,136,56,47,64,,,,21,14,6,6,0.6,0.5
2025-04-14T0600,1401A,108.3103,22.7881,南宁市,二十一中,颗粒物(PM10),128,205,234,77,55,0,,,,59,28,6,6,0.8,0.6
2025-04-14T0600,1402A,108.3141,22.8528,南宁市,北湖,颗粒物(PM10),135,220,240,64,61,27,,,,44,29,19,12,0.8,0.7
2025-04-14T0600,1403A,108.3206,22.8225,南宁市,市监测站,颗粒物(PM10),125,199,247,63,56,16,,,,48,25,9,9,0.4,0.3
2025-04-14T0600,1404A,108.3829,22.8037,南宁市,大自然花园,颗粒物(PM10),134,217,236,66,52,28,,,,32,17,6,6,0.5,0.4
2025-04-14T0600,1405A,108.4394,22.7904,南宁市,仙葫,颗粒物(PM10),132,213,228,73,66,20,,,,35,22,10,6,0.5,0.5
2025-04-14T0600,1406A,108.2397,22.8467,南宁市,区农职院,颗粒物(PM10),112,174,250,55,61,26,,,,22,22,8,5,0.6,0.6
2025-04-14T0600,1407A,108.3275,22.735,南宁市,英华嘉园,颗粒物(PM10),127,203,226,68,51,15,,,,52,26,12,9,0.5,0.4
2025-04-14T0600,3401A,108.4834,22.7618,南宁市,红星社区,颗粒物(PM10),131,212,213,50,50,35,,,,27,21,14,9,0.6,0.5
2025-04-14T0600,4221A,108.2177,22.7774,南宁市,乐贤路16号,颗粒物(PM10),115,179,257,52,55,5,,,,44,33,9,12,0.6,0.6
2025-04-14T0600,2331A,118.0966,26.6761,南平市,茫荡山,,,,,,,,,,,,,,,,
2025-04-14T0600,2332A,118.1681,26.6369,南平市,南平市监测站,颗粒物(PM10),56,62,113,22,30,8,,,,22,18,4,4,0.6,0.6
2025-04-14T0600,2333A,118.1825,26.6489,南平市,南平铝业有限公司,颗粒物(PM10),59,68,112,29,29,23,,,,14,17,6,5,0.7,0.6
2025-04-14T0600,2334A,118.1756,26.6272,南平市,南平七中,,42,42,111,22,30,10,,,,19,14,4,5,0.6,0.5
2025-04-14T0600,1168A,120.9098,31.9663,南通市,狼山街道,颗粒物(PM10),52,54,105,17,20,35,,,,37,23,5,8,0.7,0.6
2025-04-14T0600,1169A,120.86,32.0005,南通市,虹桥,颗粒物(PM10),68,86,97,30,25,46,,,,49,26,12,8,0.9,0.5
2025-04-14T0600,1170A,120.87,32.02,南通市,城中,颗粒物(PM10),70,89,123,24,21,50,,,,42,23,7,5,0.8,0.4
2025-04-14T0600,1171A,120.94,31.93,南通市,星湖花园,颗粒物(PM10),60,70,107,26,22,38,,,,48,23,8,9,0.7,0.7
2025-04-14T0600,1172A,120.81,32.0417,南通市,紫琅学院,颗粒物(PM10),62,73,118,23,18,52,,,,36,21,8,6,1.3,0.7
2025-04-14T0600,3291A,121.067,32.062,南通市,通州监测站,颗粒物(PM10),57,63,100,22,18,50,,,,28,16,4,6,0.4,0.3
2025-04-14T0600,3432A,120.9348,31.9883,南通市,环境教育馆,颗粒物(PM10),53,56,114,19,26,46,,,,32,17,5,8,0.4,0.5
2025-04-14T0600,2404A,112.5224,33.0122,南阳市,瓦房庄,颗粒物(PM10),98,146,196,34,57,73,,,,16,18,4,5,0.4,0.5
2025-04-14T0600,2405A,112.5003,32.9735,南阳市,汉画馆,颗粒物(PM10),94,138,190,30,51,62,,,,20,21,4,4,0.2,0.3
2025-04-14T0600,2406A,112.5573,33.027,南阳市,气象站,颗粒物(PM10),104,157,235,29,54,85,,,,10,17,3,4,0.3,0.4
2025-04-14T0600,2407A,112.5481,32.9689,南阳市,理工学院,颗粒物(PM10),97,143,199,28,55,74,,,,18,19,2,4,0.4,0.4
2025-04-14T0600,4008A,112.5234,32.9922,南阳市,卧龙区政府,颗粒物(PM10),96,141,205,23,49,73,,,,14,19,3,4,0.4,0.5
2025-04-14T0600,1234A,121.8358,29.911,宁波市,区环保大楼,颗粒物(PM10),102,153,135,38,31,86,,,,13,13,8,7,0.5,0.5
2025-04-14T0600,1235A,121.56,29.82,宁波市,万里学院,颗粒物(PM10),99,147,129,42,34,94,,,,6,8,6,6,0.4,0.4
2025-04-14T0600,1236A,121.713,29.9572,宁波市,龙赛医院,颗粒物(PM10),102,154,134,30,25,74,,,,21,11,9,8,0.5,0.5
2025-04-14T0600,1239A,121.633,29.7733,宁波市,钱湖水厂,颗粒物(PM10),85,120,117,35,31,84,,,,8,9,7,7,0.4,0.4
2025-04-14T0600,1240A,121.5856,29.8635,宁波市,太古小学,颗粒物(PM10),97,144,128,31,25,91,,,,12,13,10,9,0.3,0.3
2025-04-14T0600,1241A,121.524,29.8674,宁波市,市环境监测中心,颗粒物(PM10),97,144,122,28,24,80,,,,19,14,8,8,0.4,0.4
2025-04-14T0600,2871A,121.6147,29.9017,宁波市,万里国际学校,颗粒物(PM10),87,124,127,37,29,89,,,,6,7,8,7,0.3,0.3
2025-04-14T0600,3710A,121.5594,29.8975,宁波市,白沙活动中心,颗粒物(PM10),87,123,123,46,35,84,,,,12,9,8,7,0.5,0.5
2025-04-14T0600,2339A,119.5001,26.6946,宁德市,金涵水库,,,,,,,,,,,,,,,,
2025-04-14T0600,2341A,119.5388,26.6612,宁德市,宁德市监测站,颗粒物(PM10),56,62,141,25,39,35,,,,18,16,5,6,0.5,0.7
2025-04-14T0600,3209A,119.5231,26.6562,宁德市,宁德一中,颗粒物(PM10),53,55,131,19,37,40,,,,9,11,5,6,0.3,0.4
2025-04-14T0600,2618A,98.8601,25.8567,怒江傈僳族自治州,州监测站,,39,34,30,27,19,29,,,,10,10,7,7,0.3,0.4
2025-04-14T0600,2619A,98.8546,25.8417,怒江傈僳族自治州,泸水一中,,35,29,35,24,27,13,,,,15,17,6,6,0.4,0.5
2025-04-14T0600,1888A,101.6891,26.571,攀枝花市,弄弄坪,,49,49,38,16,15,51,,,,17,18,7,10,0.7,0.9
2025-04-14T0600,1889A,101.5769,26.5928,攀枝花市,河门口,,43,43,35,19,15,28,,,,21,12,13,14,0.8,0.6
2025-04-14T0600,1890A,101.7169,26.585,攀枝花市,炳草岗,,,40,33,22,14,,,,,31,19,12,15,0.5,0.5
2025-04-14T0600,1891A,101.7369,26.5008,攀枝花市,仁和,,48,48,42,25,18,43,,,,21,17,9,12,0.5,0.6
2025-04-14T0600,2835A,101.7227,26.567,攀枝花市,四十中小,,35,35,34,19,20,28,,,,33,16,8,10,0.6,0.7
2025-04-14T0600,1604A,122.0303,41.1489,盘锦市,开发区,,36,,18,25,13,55,,,,11,10,8,9,0.5,0.3
2025-04-14T0600,1605A,122.0485,41.0883,盘锦市,兴隆台,,33,,21,23,11,53,,,,16,14,9,8,0.6,0.4
2025-04-14T0600,1606A,121.8297,41.1028,盘锦市,新生街道,,35,,17,24,10,55,,,,17,14,14,15,0.4,0.3
2025-04-14T0600,1832A,113.3257,33.742,平顶山市,新华旅馆,颗粒物(PM10),92,134,131,39,25,53,,,,31,13,13,5,0.3,0.2
2025-04-14T0600,1833A,113.2919,33.737,平顶山市,规划设计院,颗粒物(PM10),80,110,123,20,29,79,,,,12,11,8,5,0.6,0.3
2025-04-14T0600,1834A,113.182,33.774,平顶山市,平顶山工学院,颗粒物(PM10),81,112,141,46,25,81,,,,10,9,6,6,0.4,0.4
2025-04-14T0600,3204A,113.3025,33.73,平顶山市,规划局,颗粒物(PM10),79,107,138,15,17,76,,,,17,10,11,5,0.5,0.6
2025-04-14T0600,3594A,112.8867,33.9116,平顶山市,石龙区,颗粒物(PM10),157,264,215,35,38,72,,,,17,14,5,5,0.3,0.3
2025-04-14T0600,2656A,106.6692,35.5461,平凉市,聚贤嘉苑,颗粒物(PM10),51,52,162,22,34,73,,,,21,9,8,9,0.6,0.6
2025-04-14T0600,2657A,106.7021,35.5307,平凉市,博物馆,颗粒物(PM10),55,60,160,22,33,75,,,,14,8,10,8,0.5,0.4
2025-04-14T0600,2347A,114.0997,27.5002,萍乡市,武功山,颗粒物(PM10),84,118,183,30,41,49,,,,5,5,12,11,0.7,0.7
2025-04-14T0600,2348A,113.8385,27.6434,萍乡市,中医院,颗粒物(PM10),150,249,321,66,76,46,,,,25,17,27,16,1.2,0.7
2025-04-14T0600,2349A,113.8493,27.6253,萍乡市,市政府车库,颗粒物(PM10),113,175,259,64,69,27,,,,35,18,12,7,1.1,0.5
2025-04-14T0600,2350A,113.8676,27.6435,萍乡市,市环保局,颗粒物(PM10),141,231,302,80,97,19,,,,53,20,22,9,1.4,0.7
2025-04-14T0600,2351A,113.866,27.6198,萍乡市,安源区政府,颗粒物(PM10),110,170,282,50,75,20,,,,22,11,10,10,0.7,0.3
2025-04-14T0600,2319A,119.0141,25.4325,莆田市,荔城区仓后路,颗粒物(PM10),93,136,171,46,52,41,,,,20,19,3,3,0.5,0.5
2025-04-14T0600,2320A,119.0015,25.4553,莆田市,莆田市监测站,颗粒物(PM10),74,97,149,41,51,43,,,,9,13,3,4,0.4,0.3
2025-04-14T0600,2321A,119.1119,25.4561,莆田市,涵江区六中,颗粒物(PM10),88,125,172,44,55,46,,,,19,19,4,4,0.5,0.5
2025-04-14T0600,2322A,119.1013,25.3215,莆田市,秀屿区政府,颗粒物(PM10),102,154,175,58,51,26,,,,33,20,5,5,0.6,0.5
2025-04-14T0600,2323A,118.981,25.4792,莆田市,东圳水库,,,,,,,,,,,,,,,,
2025-04-14T0600,2392A,115.0312,35.7636,濮阳市,环保局,颗粒物(PM10),55,59,89,33,20,52,,,,23,16,6,7,0.9,1
2025-04-14T0600,2394A,115.0574,35.7609,濮阳市,油田运输公司,颗粒物(PM10),56,62,94,11,20,52,,,,27,15,5,6,0.5,0.5
2025-04-14T0600,3021A,115,35.7668,濮阳市,濮水河管理处,颗粒物(PM10),54,57,98,15,17,38,,,,28,17,4,6,0.6,0.6
2025-04-14T0600,4216A,115.0924,35.7686,濮阳市,任丘路479号,颗粒物(PM10),56,62,105,11,22,68,,,,20,15,6,6,0.4,0.5
2025-04-14T0600,2601A,100.98,22.7633,普洱市,市环保局,,43,43,53,14,22,18,,,,18,9,2,2,0.5,0.5
2025-04-14T0600,2602A,100.9817,22.8322,普洱市,普洱第二中学,,36,36,39,20,23,6,,,,29,19,6,7,0.4,0.3
2025-04-14T0600,2262A,131.0518,45.8751,七台河市,新一中,,23,19,30,7,13,73,,,,9,12,11,13,0.5,0.6
2025-04-14T0600,3345A,131.0577,45.7879,七台河市,中波台,,18,17,27,3,8,55,,,,19,13,5,6,0.5,0.4
2025-04-14T0600,3637A,131.0176,45.7761,七台河市,人民广场,,24,18,33,12,16,74,,,,16,14,8,9,0.7,0.8
2025-04-14T0600,3684A,130.8781,45.8222,七台河市,新建矿广场,,31,31,59,17,14,62,,,,22,15,8,8,0.4,0.5
2025-04-14T0600,1779A,123.9305,47.3636,齐齐哈尔市,安居小区,,25,15,14,3,7,79,,,,6,7,2,2,0.2,0.3
2025-04-14T0600,1780A,123.9488,47.3386,齐齐哈尔市,中心广场,,,11,15,,21,74,,,,7,6,6,7,0.4,0.4
2025-04-14T0600,1781A,123.9483,47.3227,齐齐哈尔市,农牧车辆厂,,25,12,14,6,7,80,,,,5,6,5,5,0.1,0.1
2025-04-14T0600,1783A,123.945,47.2988,齐齐哈尔市,市环境监测站,,25,10,12,6,8,80,,,,4,6,1,2,0.4,0.4
2025-04-14T0600,3662A,123.6333,47.2075,齐齐哈尔市,富区青少年活动中心,,24,8,8,3,8,76,,,,4,5,2,2,0.3,0.3
2025-04-14T0600,2591A,107.9783,26.5747,黔东南苗族侗族自治州,市环境监测站,颗粒物(PM10),93,135,208,53,68,41,,,,15,18,3,4,0.2,0.3
2025-04-14T0600,2881A,107.8908,26.5311,黔东南苗族侗族自治州,凯里学院,颗粒物(PM10),76,102,210,44,62,15,,,,16,16,1,2,0.4,0.4
2025-04-14T0600,2593A,107.5228,26.2403,黔南布依族苗族自治州,小围寨,颗粒物(PM10),69,88,193,36,58,23,,,,19,13,3,5,0.4,0.4
2025-04-14T0600,3538A,107.5175,26.2978,黔南布依族苗族自治州,沙坝,颗粒物(PM10),74,97,226,27,59,23,,,,10,12,4,4,0.4,0.4
2025-04-14T0600,2589A,104.9022,25.0925,黔西南布依族苗族自治州,场坝街,细颗粒物(PM2.5),117,159,164,88,69,126,,,,17,15,86,26,0.3,0.2
2025-04-14T0600,2590A,104.8811,25.0992,黔西南布依族苗族自治州,坪东大道,细颗粒物(PM2.5),90,126,134,67,59,57,,,,19,21,21,7,0.3,0.3
2025-04-14T0600,2502A,108.6236,21.9667,钦州市,市环保站,颗粒物(PM10),141,232,226,53,52,9,,,,51,33,12,11,0.9,1
2025-04-14T0600,2503A,108.6549,21.9481,钦州市,沙埠小学,颗粒物(PM10),153,256,223,65,53,2,,,,56,34,13,8,2.6,0.9
2025-04-14T0600,2504A,108.5989,21.7431,钦州市,港区一小,颗粒物(PM10),134,218,202,57,53,17,,,,56,35,10,9,0.8,0.6
2025-04-14T0600,3404A,108.5959,21.9633,钦州市,北职校,颗粒物(PM10),123,195,195,62,55,16,,,,38,28,6,8,0.7,0.7
2025-04-14T0600,1043A,119.7493,40.0116,秦皇岛市,第一关,,31,,19,11,12,98,,,,11,13,3,4,0.3,0.3
2025-04-14T0600,1044A,119.5897,39.9499,秦皇岛市,监测站,,29,14,28,11,8,92,,,,1,3,3,3,0.3,0.3
2025-04-14T0600,1046A,119.5251,39.9041,秦皇岛市,建设大厦,,29,10,29,6,12,90,,,,10,10,2,2,0.3,0.3
2025-04-14T0600,3132A,119.610547,39.943889,秦皇岛市,文明里,,28,12,28,7,8,88,,,,1,2,2,3,0.2,0.3
2025-04-14T0600,4198A,119.5090,39.8253,秦皇岛市,北戴河轮滑馆,,28,12,30,3,6,87,,,,2,2,5,5,0.3,0.3
2025-04-14T0600,1307A,120.6659,36.2403,青岛市,仰口,颗粒物(PM10),111,172,75,45,21,76,,,,6,4,5,4,0.6,0.5
2025-04-14T0600,1310A,120.4134,36.0658,青岛市,市南区东部子站,颗粒物(PM10),109,168,79,24,11,65,,,,13,9,9,8,0.5,0.5
2025-04-14T0600,1311A,120.3664,36.1032,青岛市,四方区子站,颗粒物(PM10),92,134,68,27,14,62,,,,19,10,7,6,0.4,0.4
2025-04-14T0600,1312A,120.2994,36.054,青岛市,市南区西部子站,颗粒物(PM10),93,136,68,24,10,57,,,,22,14,7,7,0.6,0.5
2025-04-14T0600,1313A,120.4581,36.0858,青岛市,崂山区子站,颗粒物(PM10),104,158,66,22,8,71,,,,9,6,9,8,0.4,0.4
2025-04-14T0600,1315A,120.3999,36.3083,青岛市,城阳区子站,颗粒物(PM10),106,161,71,24,12,66,,,,14,11,10,9,0.6,0.5
2025-04-14T0600,1966A,120.0405,35.8735,青岛市,黄岛区4号,颗粒物(PM10),79,107,61,14,8,69,,,,12,10,9,8,0.6,0.5
2025-04-14T0600,3362A,120.5014,36.4034,青岛市,即墨2号,颗粒物(PM10),105,159,86,31,16,61,,,,11,7,8,8,0.5,0.5
2025-04-14T0600,3642A,120.3503,36.0736,青岛市,市北区南部,颗粒物(PM10),80,110,56,22,9,60,,,,12,10,6,7,0.5,0.4
2025-04-14T0600,3643A,120.3948,36.1805,青岛市,李沧区北部,颗粒物(PM10),100,149,70,31,16,65,,,,12,10,8,8,0.6,0.6
2025-04-14T0600,4290A,120.1969,35.9546,青岛市,珠江路669号,颗粒物(PM10),89,127,69,22,16,72,,,,10,9,7,6,0.5,0.5
2025-04-14T0600,1702A,113.0426,23.691,清远市,环保大楼,颗粒物(PM10),105,160,198,43,61,19,,,,34,22,9,16,0.6,0.6
2025-04-14T0600,1703A,113.0208,23.7106,清远市,凤城街办,颗粒物(PM10),145,239,327,55,73,35,,,,21,23,8,20,0.4,0.4
2025-04-14T0600,3025A,113.0477,23.6344,清远市,技师学院,颗粒物(PM10),137,223,334,50,71,1,,,,41,28,10,18,0.6,0.6
2025-04-14T0600,3318A,112.9903,23.7403,清远市,清新太和,颗粒物(PM10),144,237,304,56,69,48,,,,15,15,8,8,0.5,0.4
2025-04-14T0600,3455A,113.076,23.7198,清远市,清城东城,颗粒物(PM10),127,204,306,48,65,26,,,,22,19,7,9,0.8,0.7
2025-04-14T0600,2661A,107.6325,35.7357,庆阳市,庆阳五中,颗粒物(PM10),69,88,183,28,40,71,,,,5,5,2,2,0.2,0.2
2025-04-14T0600,2662A,107.6364,35.7067,庆阳市,市环保局,颗粒物(PM10),74,97,170,28,34,76,,,,4,4,8,7,0.2,0.2
2025-04-14T0600,1916A,103.7897,25.5035,曲靖市,环境监测站,颗粒物(PM10),84,117,132,54,37,34,,,,24,17,14,12,0.5,0.4
2025-04-14T0600,1917A,103.8,25.5364,曲靖市,烟厂办公区,颗粒物(PM10),96,142,132,37,33,48,,,,20,12,12,7,0.8,0.5
2025-04-14T0600,3376A,103.7947,25.462,曲靖市,南苑二区,颗粒物(PM10),79,107,136,31,32,49,,,,17,15,13,13,0.6,0.6
2025-04-14T0600,3377A,103.7444,25.5261,曲靖市,曲靖师范学院,颗粒物(PM10),81,112,117,57,45,25,,,,36,16,46,19,0.5,0.5
2025-04-14T0600,1264A,118.8692,28.9398,衢州市,环保大楼,颗粒物(PM10),87,123,199,34,49,64,,,,21,16,11,8,0.5,0.4
2025-04-14T0600,1265A,118.8709,28.9666,衢州市,实验学校,颗粒物(PM10),85,119,187,34,51,57,,,,22,17,12,8,0.5,0.4
2025-04-14T0600,1266A,118.8621,28.9808,衢州市,衢州学院,颗粒物(PM10),90,129,202,33,48,57,,,,26,20,11,8,0.4,0.3
2025-04-14T0600,1611A,118.5819,24.9117,泉州市,涂山街,颗粒物(PM10),107,163,195,52,52,31,,,,28,25,4,5,0.5,0.4
2025-04-14T0600,1612A,118.5972,24.8978,泉州市,津头埔,颗粒物(PM10),107,163,191,53,52,32,,,,33,28,4,4,0.6,0.4
2025-04-14T0600,1613A,118.6663,24.9424,泉州市,万安,颗粒物(PM10),105,160,185,49,48,22,,,,38,24,4,4,0.6,0.5
2025-04-14T0600,1614A,118.6117,24.9604,泉州市,清源山,,,,,,,,,,,,,,,,
2025-04-14T0600,3529A,118.6333,24.9264,泉州市,城华南路,颗粒物(PM10),109,167,171,53,50,35,,,,24,20,4,5,0.5,0.5
2025-04-14T0600,2626A,88.8876,29.2718,日喀则市,日喀则监测站,,33,,11,15,6,104,,,,10,6,13,13,0.2,0.2
2025-04-14T0600,3726A,88.8781,29.2426,日喀则市,林业技术推广中心,,35,9,15,3,6,111,,,,3,3,6,6,0.3,0.3
2025-04-14T0600,1659A,119.471,35.4209,日照市,监测站,颗粒物(PM10),73,95,65,12,12,36,,,,36,16,5,5,0.5,0.5
2025-04-14T0600,1660A,119.523,35.4216,日照市,市政府广场,颗粒物(PM10),70,90,59,17,10,58,,,,19,10,4,4,0.6,0.6
2025-04-14T0600,1661A,119.5587,35.4044,日照市,港务局,颗粒物(PM10),78,105,72,17,13,56,,,,26,13,5,5,0.6,0.6
2025-04-14T0600,3507A,119.5328,35.4625,日照市,职业技术学院,颗粒物(PM10),78,105,73,12,9,56,,,,17,8,6,6,0.6,0.5
2025-04-14T0600,3604A,119.3266,35.1044,日照市,岚山环保分局,颗粒物(PM10),89,127,71,36,21,30,,,,49,19,10,11,0.9,0.9
2025-04-14T0600,1835A,111.1922,34.7752,三门峡市,市政府,颗粒物(PM10),67,84,160,26,50,85,,,,7,12,4,5,0.5,0.5
2025-04-14T0600,1836A,111.1587,34.7942,三门峡市,开发区,颗粒物(PM10),71,91,190,13,77,86,,,,8,13,5,6,0.4,0.4
2025-04-14T0600,1838A,111.143,34.7955,三门峡市,风景区,颗粒物(PM10),70,89,212,41,60,88,,,,6,9,6,7,0.4,0.5
2025-04-14T0600,3039A,111.1911,34.7829,三门峡市,三门峡市第一小学,颗粒物(PM10),70,89,208,43,53,89,,,,11,13,6,4,0.5,0.6
2025-04-14T0600,3598A,111.1,34.7167,三门峡市,富达温泉假日酒店,颗粒物(PM10),81,112,207,39,65,85,,,,7,15,6,6,0.6,0.7
2025-04-14T0600,2324A,117.6211,26.2625,三明市,三钢,细颗粒物(PM2.5),70,76,114,51,41,9,,,,36,21,33,14,0.7,1
2025-04-14T0600,2325A,117.635,26.2714,三明市,三明二中,颗粒物(PM10),59,68,103,28,30,21,,,,22,16,10,6,0.2,0.2
2025-04-14T0600,2326A,117.6028,26.2378,三明市,三元区政府,颗粒物(PM10),59,68,114,28,34,14,,,,26,17,14,5,0.5,0.4
2025-04-14T0600,2327A,117.7275,26.3108,三明市,洋溪,,,,,,,,,,,,,,,,
2025-04-14T0600,1876A,109.5078,18.2489,三亚市,河东子站,颗粒物(PM10),79,107,56,38,26,48,,,,4,6,3,3,0.6,0.6
2025-04-14T0600,1877A,109.4964,18.2681,三亚市,河西子站,颗粒物(PM10),80,109,57,38,21,49,,,,6,8,2,2,0.3,0.3
2025-04-14T0600,3540A,109.7348,18.3443,三亚市,君悦子站,颗粒物(PM10),123,196,105,64,37,44,,,,13,10,4,4,0.4,0.4
2025-04-14T0600,2624A,91.7608,29.2313,山南市,山南监测站,,22,17,14,15,12,66,,,,12,9,4,4,0.4,0.3
2025-04-14T0600,2625A,91.7706,29.2436,山南市,山南人民医院,,25,12,18,7,10,80,,,,6,9,6,6,0.3,0.3
2025-04-14T0600,1674A,116.6794,23.3667,汕头市,金平子站,颗粒物(PM10),94,137,163,40,47,20,,,,40,22,8,7,0.8,0.5
2025-04-14T0600,1675A,116.7244,23.3633,汕头市,龙湖子站,颗粒物(PM10),93,136,161,40,41,41,,,,23,14,8,5,0.8,0.5
2025-04-14T0600,1676A,116.7258,23.2775,汕头市,濠江子站,颗粒物(PM10),88,125,161,38,40,42,,,,17,14,4,5,0.8,0.6
2025-04-14T0600,1677A,116.7519,23.4714,汕头市,澄海子站,颗粒物(PM10),100,149,167,49,46,17,,,,45,24,15,5,0.7,0.6
2025-04-14T0600,1678A,116.6092,23.2539,汕头市,潮阳子站,颗粒物(PM10),92,133,160,44,41,43,,,,23,15,7,8,0.7,0.4
2025-04-14T0600,3444A,116.454,23.2684,汕头市,潮南峡山,颗粒物(PM10),104,158,193,38,49,43,,,,15,12,4,5,0.6,0.6
2025-04-14T0600,3624A,116.4069,23.2533,汕头市,潮南子站,颗粒物(PM10),132,213,232,53,55,57,,,,18,15,4,4,0.6,0.6
2025-04-14T0600,1693A,115.3653,22.775,汕尾市,市环保局,颗粒物(PM10),94,138,159,45,46,38,,,,19,10,8,7,0.9,0.6
2025-04-14T0600,1694A,115.3706,22.7898,汕尾市,市政府,颗粒物(PM10),89,128,145,36,34,42,,,,19,12,6,5,0.5,0.4
2025-04-14T0600,1695A,115.3622,22.7925,汕尾市,新城中学,颗粒物(PM10),84,117,154,38,44,36,,,,15,9,9,8,0.6,0.5
2025-04-14T0600,2645A,109.9154,33.8715,商洛市,监测站,颗粒物(PM10),103,155,133,51,44,88,,,,8,8,4,5,0.3,0.3
2025-04-14T0600,3045A,109.9643,33.8471,商洛市,商州区中学,颗粒物(PM10),116,182,181,48,47,73,,,,20,13,2,3,0.4,0.4
2025-04-14T0600,2408A,115.6702,34.4285,商丘市,环境监测站,颗粒物(PM10),63,76,124,20,26,59,,,,21,15,4,3,0.3,0.3
2025-04-14T0600,2409A,115.6458,34.4045,商丘市,粮食局,颗粒物(PM10),63,76,125,24,32,48,,,,19,11,4,3,0.1,0.1
2025-04-14T0600,2410A,115.6293,34.3948,商丘市,睢阳区环保局,颗粒物(PM10),64,77,130,26,26,29,,,,32,9,4,2,0.3,0.3
2025-04-14T0600,3171A,115.6071,34.4465,商丘市,梁园区档案局,颗粒物(PM10),61,72,121,21,29,45,,,,29,17,5,3,0.2,0.2
2025-04-14T0600,1141A,121.4,31.238,上海市,普陀,颗粒物(PM10),99,147,131,40,26,33,,,,46,24,6,6,0.6,0.5
2025-04-14T0600,1142A,121.478,31.2036,上海市,十五厂,颗粒物(PM10),98,146,123,37,26,54,,,,33,24,8,8,0.6,0.5
2025-04-14T0600,1143A,121.467,31.3008,上海市,虹口,颗粒物(PM10),68,85,106,21,26,33,,,,44,18,8,9,0.7,0.4
2025-04-14T0600,1147A,121.425,31.2261,上海市,静安监测站,颗粒物(PM10),99,148,124,31,21,51,,,,35,25,8,8,0.6,0.6
2025-04-14T0600,1148A,121.703,31.1907,上海市,浦东川沙,颗粒物(PM10),74,97,124,26,27,42,,,,38,20,6,7,0.4,0.4
2025-04-14T0600,1149A,121.533,31.2284,上海市,浦东新区监测站,颗粒物(PM10),82,113,110,27,23,34,,,,40,14,7,6,0.4,0.4
2025-04-14T0600,1150A,121.577,31.2071,上海市,浦东张江,颗粒物(PM10),76,101,128,32,27,38,,,,36,20,6,6,0.6,0.5
2025-04-14T0600,3265A,121.4316,31.3322,上海市,宝山庙行,颗粒物(PM10),69,88,116,27,28,52,,,,30,22,9,9,0.4,0.4
2025-04-14T0600,3266A,121.8791,31.4662,上海市,崇明上实东滩,颗粒物(PM10),54,58,102,18,23,93,,,,10,20,2,4,0.3,0.3
2025-04-14T0600,3268A,121.3162,31.2838,上海市,嘉定南翔,颗粒物(PM10),91,132,116,32,24,2,,,,69,29,6,7,0.6,0.5
2025-04-14T0600,3269A,121.3359,30.7456,上海市,金山新城,颗粒物(PM10),107,163,129,38,28,68,,,,24,18,5,6,0.4,0.4
2025-04-14T0600,3270A,121.4996,31.0739,上海市,闵行浦江,颗粒物(PM10),107,164,123,48,29,40,,,,45,24,5,7,0.6,0.5
2025-04-14T0600,3271A,121.2886,31.1663,上海市,青浦徐泾,颗粒物(PM10),101,151,122,39,25,38,,,,43,21,6,6,0.5,0.5
2025-04-14T0600,3272A,121.2186,31.0378,上海市,松江图书馆,颗粒物(PM10),113,176,129,44,33,43,,,,53,24,8,8,0.7,0.6
2025-04-14T0600,3273A,121.3902,31.2059,上海市,长宁仙霞,颗粒物(PM10),96,141,122,36,26,34,,,,44,27,7,8,0.7,0.6
2025-04-14T0600,3274A,121.7965,31.0507,上海市,浦东惠南,颗粒物(PM10),104,158,124,43,27,61,,,,27,19,8,8,0.6,0.5
2025-04-14T0600,3544A,121.4891,30.925,上海市,奉贤南桥新城,颗粒物(PM10),108,165,125,53,35,65,,,,30,21,8,8,0.6,0.5
2025-04-14T0600,4183A,121.4174,31.16637,上海市,冠生园路458号,颗粒物(PM10),90,129,110,35,23,48,,,,26,23,6,6,0.6,0.6
2025-04-14T0600,4205A,121.5419,31.2683,上海市,宁武路151号,,,99,124,,,25,,,,52,27,8,9,0.5,0.4
2025-04-14T0600,2381A,118.005,28.4572,上饶市,百草园,,,,,,,,,,,,,,,,
2025-04-14T0600,2382A,117.9756,28.4436,上饶市,市监测站,颗粒物(PM10),61,71,157,25,38,21,,,,24,17,9,18,0.3,0.4
2025-04-14T0600,2383A,117.9519,28.4628,上饶市,凤凰光学,颗粒物(PM10),72,93,176,34,40,12,,,,27,17,32,30,0.7,0.8
2025-04-14T0600,3685A,117.897,28.4315,上饶市,双创科技城,颗粒物(PM10),65,80,163,34,43,16,,,,33,24,40,22,0.6,0.4
2025-04-14T0600,4211A,118.1904,28.4448,上饶市,裕丰大道,颗粒物(PM10),54,57,132,20,37,21,,,,18,11,1,7,0.3,0.3
2025-04-14T0600,1669A,113.5824,24.7733,韶关市,市八中,颗粒物(PM10),138,226,382,57,84,4,,,,29,19,8,9,0.7,0.5
2025-04-14T0600,1671A,113.5917,24.7972,韶关市,园林处,颗粒物(PM10),108,166,285,58,85,3,,,,27,25,8,6,0.6,0.5
2025-04-14T0600,1673A,113.5971,24.6863,韶关市,曲江监测站,颗粒物(PM10),126,201,333,55,83,21,,,,21,22,6,8,0.7,0.7
2025-04-14T0600,2809A,113.6668,24.7756,韶关市,大学路288号,颗粒物(PM10),110,169,313,56,89,11,,,,14,11,6,7,0.7,0.6
2025-04-14T0600,3622A,113.5556,24.8082,韶关市,碧湖山庄,颗粒物(PM10),129,208,342,57,84,11,,,,14,13,6,6,0.5,0.4
2025-04-14T0600,2462A,111.5239,27.3033,邵阳市,市水土所,,,,,,,,,,,,,,,,
2025-04-14T0600,2464A,111.5283,27.2442,邵阳市,市化工厂,颗粒物(PM10),133,215,324,63,80,39,,,,21,20,14,11,0.7,0.7
2025-04-14T0600,2466A,111.4328,27.2272,邵阳市,市环保局,颗粒物(PM10),138,225,310,62,78,48,,,,15,16,100,26,0.5,0.4
2025-04-14T0600,4218A,111.4460,27.2472,邵阳市,北塔二期4-26地块,颗粒物(PM10),110,169,302,60,81,28,,,,17,17,15,17,0.4,0.4
2025-04-14T0600,4219A,111.4739,27.2282,邵阳市,邵水西路287号,颗粒物(PM10),132,214,310,79,83,,,,,15,16,47,14,0.4,0.4
2025-04-14T0600,1247A,120.6053,29.9928,绍兴市,城东开发委,颗粒物(PM10),101,152,147,41,34,91,,,,12,12,9,7,0.3,0.3
2025-04-14T0600,2921A,120.5483,30.0003,绍兴市,树下王站,颗粒物(PM10),96,142,135,34,28,85,,,,14,11,8,7,0.6,0.5
2025-04-14T0600,3408A,120.5683,29.9361,绍兴市,绍兴中专,颗粒物(PM10),111,172,150,38,33,92,,,,8,8,8,7,0.2,0.2
2025-04-14T0600,3409A,120.4906,30.0861,绍兴市,柯桥区政府,颗粒物(PM10),129,207,160,45,33,95,,,,10,12,8,7,0.3,0.2
2025-04-14T0600,3410A,120.8752,30.0249,绍兴市,重华小学,颗粒物(PM10),97,144,116,42,31,84,,,,7,6,8,7,0.5,0.4
2025-04-14T0600,3411A,120.8369,30.0137,绍兴市,上虞中学,颗粒物(PM10),107,163,121,50,31,85,,,,14,8,8,8,0.4,0.3
2025-04-14T0600,3560A,120.4722,30.0415,绍兴市,柯桥妇保,颗粒物(PM10),113,176,147,43,31,92,,,,12,11,8,7,0.3,0.2
2025-04-14T0600,3658A,120.6153,30.0764,绍兴市,袍江中学,颗粒物(PM10),104,157,144,41,34,81,,,,15,13,6,5,0.4,0.4
2025-04-14T0600,1356A,114.1063,22.5545,深圳市,通心岭子站,颗粒物(PM10),136,222,253,80,81,5,,,,47,27,6,6,0.6,0.5
2025-04-14T0600,1357A,114.117,22.5625,深圳市,洪湖,颗粒物(PM10),179,307,289,84,70,2,,,,68,35,7,6,0.8,0.5
2025-04-14T0600,1358A,113.987,22.5417,深圳市,华侨城,颗粒物(PM10),170,289,280,92,76,6,,,,64,36,10,7,0.6,0.5
2025-04-14T0600,1359A,113.9181,22.5171,深圳市,南海子站,颗粒物(PM10),187,323,307,87,83,6,,,,69,34,10,7,0.7,0.6
2025-04-14T0600,1360A,114.2458,22.5689,深圳市,盐田,颗粒物(PM10),156,262,255,85,73,19,,,,38,19,8,7,0.6,0.4
2025-04-14T0600,1361A,114.2283,22.7244,深圳市,龙岗,颗粒物(PM10),173,296,292,84,75,2,,,,68,33,6,6,0.7,0.4
2025-04-14T0600,1363A,114.494,22.5422,深圳市,南澳,颗粒物(PM10),132,213,222,56,57,12,,,,32,14,8,8,0.5,0.4
2025-04-14T0600,1364A,114.41,22.6342,深圳市,葵涌,颗粒物(PM10),134,217,254,72,73,4,,,,46,22,7,7,0.6,0.5
2025-04-14T0600,1365A,114.297,22.5978,深圳市,梅沙,颗粒物(PM10),167,284,278,77,73,25,,,,36,11,8,7,0.6,0.4
2025-04-14T0600,1366A,114.0678,22.738,深圳市,观澜,颗粒物(PM10),175,300,342,92,90,1,,,,60,35,7,6,0.8,0.6
2025-04-14T0600,3305A,114.0731,22.559,深圳市,莲花,颗粒物(PM10),152,253,261,84,77,13,,,,50,25,6,5,0.9,0.7
2025-04-14T0600,3306A,114.0261,22.6198,深圳市,民治,颗粒物(PM10),185,319,298,108,92,4,,,,72,37,9,6,0.5,0.4
2025-04-14T0600,3307A,114.1871,22.6451,深圳市,横岗,颗粒物(PM10),149,247,286,73,69,0,,,,60,37,8,7,0.8,0.5
2025-04-14T0600,3447A,114.3551,22.7151,深圳市,坪山,颗粒物(PM10),177,304,313,85,81,1,,,,66,41,7,8,0.6,0.4
2025-04-14T0600,3623A,113.8953,22.5861,深圳市,西乡,颗粒物(PM10),198,346,352,82,74,16,,,,57,34,12,8,0.8,0.6
2025-04-14T0600,1098A,123.6836,41.9339,沈阳市,森林路,,,,,,,,,,,,,,,,
2025-04-14T0600,1099A,123.505,41.7406,沈阳市,浑南东路,,25,22,19,17,13,49,,,,12,14,8,8,0.6,0.5
2025-04-14T0600,1100A,123.4231,41.6989,沈阳市,新秀街,,26,26,22,18,13,42,,,,21,17,10,10,0.9,0.6
2025-04-14T0600,1102A,123.5903,41.8411,沈阳市,东陵路,,22,,18,15,11,50,,,,16,19,8,8,0.7,0.6
2025-04-14T0600,1103A,123.4264,41.8467,沈阳市,陵东街,,30,,15,21,12,34,,,,28,19,6,7,0.7,0.6
2025-04-14T0600,1104A,123.4114,41.7653,沈阳市,文化路,,35,32,26,24,18,51,,,,14,14,7,7,0.7,0.6
2025-04-14T0600,1105A,123.4678,41.7867,沈阳市,小河沿,,32,,19,22,15,52,,,,15,15,8,8,0.6,0.5
2025-04-14T0600,1106A,123.4017,41.7972,沈阳市,太原街,,28,,18,19,14,43,,,,25,21,4,5,0.6,0.5
2025-04-14T0600,1108A,123.3783,41.9228,沈阳市,京沈街,,29,,19,20,13,45,,,,17,14,8,9,0.7,0.6
2025-04-14T0600,2897A,123.2444,41.7347,沈阳市,沈辽西路,,38,31,24,26,15,36,,,,25,13,8,8,0.7,0.5
2025-04-14T0600,2900A,123.5953,41.9086,沈阳市,裕农路,,23,21,17,16,12,41,,,,24,19,6,6,0.6,0.5
2025-04-14T0600,2428A,111.0419,32.395,十堰市,武当山,颗粒物(PM10),102,153,170,30,49,130,,,,3,3,8,8,0.5,0.5
2025-04-14T0600,2429A,110.78,32.6494,十堰市,滨河新村,细颗粒物(PM2.5),119,149,203,90,104,49,,,,13,21,6,5,0.7,0.7
2025-04-14T0600,2430A,110.7258,32.6389,十堰市,刘家沟,颗粒物(PM10),92,134,205,61,89,53,,,,15,11,3,2,0.5,0.4
2025-04-14T0600,2431A,110.8839,32.5714,十堰市,铁二处,颗粒物(PM10),90,130,172,62,64,2,,,,44,20,5,5,0.9,0.8
2025-04-14T0600,3545A,110.8054,32.8401,十堰市,郧阳区金沙路,颗粒物(PM10),75,100,158,34,65,75,,,,3,5,4,5,0.3,0.3
2025-04-14T0600,2709A,86.0497,44.2967,石河子市,艾青诗歌馆,颗粒物(PM10),60,70,78,20,20,35,,,,31,18,6,7,0.5,0.5
2025-04-14T0600,3442A,86.047,44.2331,石河子市,南区管委会,颗粒物(PM10),105,160,103,35,22,70,,,,14,18,7,9,0.2,0.3
2025-04-14T0600,4051A,86.0791,44.3017,石河子市,世纪广场,颗粒物(PM10),68,85,89,28,19,30,,,,34,22,7,9,0.4,0.4
2025-04-14T0600,1029A,114.4422,38.0444,石家庄市,职工医院,,30,25,61,21,21,78,,,,6,7,2,2,0.2,0.3
2025-04-14T0600,1030A,114.6063,38.0266,石家庄市,高新区,,40,40,67,16,20,88,,,,2,15,3,4,0.2,0.3
2025-04-14T0600,1031A,114.4898,38.1328,石家庄市,西北水源,,43,43,57,9,14,76,,,,2,3,2,2,0.2,0.3
2025-04-14T0600,1032A,114.4586,38.0058,石家庄市,西南高教,,44,44,66,7,18,88,,,,5,9,3,3,0.2,0.3
2025-04-14T0600,1033A,114.5331,38.0178,石家庄市,世纪公园,,40,40,53,24,24,76,,,,11,11,1,3,0.3,0.3
2025-04-14T0600,1034A,114.509,38.0457,石家庄市,人民会堂,,36,36,63,7,11,83,,,,8,10,3,3,0.3,0.3
2025-04-14T0600,1035A,114.3524,37.8911,石家庄市,封龙山,颗粒物(PM10),67,84,62,10,17,86,,,,4,7,4,6,0.3,0.3
2025-04-14T0600,2862A,114.5481,38.0378,石家庄市,22中南校区,,41,41,57,16,24,83,,,,10,11,1,2,0.2,0.3
2025-04-14T0600,3456A,114.289,38.0906,石家庄市,鹿泉一中,颗粒物(PM10),51,51,64,19,22,95,,,,3,8,3,3,0.2,0.3
2025-04-14T0600,3573A,114.8506765,38.0322033,石家庄市,藁城区实验学校,,36,36,85,8,23,94,,,,4,7,3,3,0.3,0.3
2025-04-14T0600,4024A,114.6549,37.9020,石家庄市,栾城区星河路,,27,23,55,6,12,86,,,,10,9,2,3,0.2,0.4
2025-04-14T0600,4314A,114.0494,38.059,石家庄市,矿区区委大楼,,31,31,51,3,6,99,,,,5,8,2,4,0.2,0.2
2025-04-14T0600,1947A,106.3394,38.817,石嘴山市,沙湖旅游区,,,,,,,,,,,,,,,,
2025-04-14T0600,1948A,106.3668,39.0145,石嘴山市,大武口朝阳西街,"颗粒物(PM10),细颗粒物(PM2.5)",64,78,58,46,21,53,,,,13,6,30,7,1.0,0.6
2025-04-14T0600,1949A,106.7704,39.2282,石嘴山市,惠农南大街,颗粒物(PM10),58,65,103,21,27,23,,,,32,19,10,12,0.2,0.4
2025-04-14T0600,1950A,106.7099,39.1325,石嘴山市,红果子镇惠新街,颗粒物(PM10),65,79,81,23,21,32,,,,30,14,4,10,0.7,0.8
2025-04-14T0600,3520A,106.3495,38.9836,石嘴山市,妇女儿童医院,颗粒物(PM10),52,53,49,19,15,60,,,,10,6,11,5,0.5,0.3
2025-04-14T0600,3521A,106.7492,39.2069,石嘴山市,石大公路,,50,50,69,24,30,29,,,,23,9,3,6,0.1,0.2
2025-04-14T0600,2248A,131.1511,46.6937,双鸭山市,双合村,,26,12,72,9,62,82,,,,13,19,12,12,0.1,0.2
2025-04-14T0600,2249A,131.1652,46.6191,双鸭山市,南小市,,24,,29,6,20,76,,,,10,8,6,8,0.6,0.6
2025-04-14T0600,2250A,131.1524,46.6554,双鸭山市,环保局,,33,33,61,17,41,78,,,,8,14,9,12,0.2,0.3
2025-04-14T0600,2251A,131.12,46.5656,双鸭山市,苗圃,,,,,,,,,,,,,,,,
2025-04-14T0600,2166A,112.4397,39.3522,朔州市,平朔,,33,33,36,3,8,48,,,,18,9,10,8,0.8,0.7
2025-04-14T0600,2167A,112.4575,39.3617,朔州市,朔唯,,31,31,38,3,7,34,,,,33,9,12,8,0.5,0.5
2025-04-14T0600,2168A,112.4258,39.3197,朔州市,区政府,,35,35,32,3,6,53,,,,14,8,6,5,0.6,0.5
2025-04-14T0600,2169A,112.4072,39.3278,朔州市,市环保局,,29,29,33,3,6,54,,,,16,7,8,6,0.7,0.5
2025-04-14T0600,2170A,112.4272,39.3681,朔州市,市二中,,30,30,36,3,6,36,,,,25,10,10,8,0.3,0.3
2025-04-14T0600,3571A,112.2931,39.53,朔州市,一水厂,,25,14,36,3,7,79,,,,4,7,5,5,0.2,0.2
2025-04-14T0600,2225A,124.4002,43.1713,四平市,一商场,,15,14,12,9,10,45,,,,14,14,3,2,0.5,0.5
2025-04-14T0600,2226A,124.388,43.193,四平市,境园,,20,,11,13,8,21,,,,39,16,11,9,0.4,0.4
2025-04-14T0600,3486A,124.4036,43.1411,四平市,植物园,,14,,7,3,4,44,,,,17,19,2,2,0.3,0.3
2025-04-14T0600,3713A,124.3419,43.1666,四平市,世纪城,,32,,11,22,11,40,,,,22,10,5,3,0.3,0.2
2025-04-14T0600,2233A,124.8006,45.1214,松原市,江南,,25,22,24,6,16,77,,,,13,12,3,3,0.6,0.5
2025-04-14T0600,2234A,124.7965,45.1722,松原市,江北,,25,14,21,8,15,79,,,,10,12,1,2,0.4,0.5
2025-04-14T0600,1160A,120.561,31.2472,苏州市,上方山,,,,,,,,,,,,,,,,
2025-04-14T0600,1162A,120.591,31.3019,苏州市,彩香,颗粒物(PM10),123,195,127,56,32,71,,,,16,12,6,5,0.6,0.5
2025-04-14T0600,1163A,120.596,31.3264,苏州市,轧钢厂,颗粒物(PM10),132,213,147,55,31,66,,,,20,11,7,6,0.5,0.3
2025-04-14T0600,1164A,120.613,31.2703,苏州市,吴中区,颗粒物(PM10),118,186,121,56,33,74,,,,19,16,6,4,0.7,0.5
2025-04-14T0600,1165A,120.543,31.2994,苏州市,苏州新区,颗粒物(PM10),127,204,130,58,36,81,,,,20,16,7,5,0.6,0.4
2025-04-14T0600,1166A,120.669,31.3097,苏州市,苏州工业园区,颗粒物(PM10),125,199,129,56,32,67,,,,23,18,10,8,0.4,0.3
2025-04-14T0600,1167A,120.641,31.3708,苏州市,相城区,颗粒物(PM10),113,175,128,50,29,71,,,,22,16,10,4,0.4,0.2
2025-04-14T0600,3289A,120.743,31.3188,苏州市,方洲路,颗粒物(PM10),112,174,113,50,28,76,,,,20,16,8,5,0.3,0.2
2025-04-14T0600,3290A,120.5031,31.2774,苏州市,木渎中学,颗粒物(PM10),127,203,121,59,34,84,,,,18,13,11,8,0.7,0.5
2025-04-14T0600,3425A,120.624,31.1733,苏州市,越秀幼儿园,颗粒物(PM10),115,180,115,59,30,81,,,,17,13,8,6,0.5,0.3
2025-04-14T0600,3431A,120.6505,31.416,苏州市,高铁新城,颗粒物(PM10),122,194,150,60,38,26,,,,56,28,9,5,0.5,0.4
2025-04-14T0600,1220A,118.293,33.9528,宿迁市,宿迁学院,颗粒物(PM10),58,65,108,15,23,63,,,,9,5,5,4,0.4,0.3
2025-04-14T0600,1221A,118.2442,33.9592,宿迁市,宿迁中学,颗粒物(PM10),59,68,106,16,30,55,,,,19,13,3,3,0.5,0.4
2025-04-14T0600,2996A,118.283,33.965,宿迁市,市供电局,颗粒物(PM10),57,64,100,19,26,60,,,,13,10,4,4,0.4,0.3
2025-04-14T0600,3191A,118.3225,33.9447,宿迁市,宿豫区政府,颗粒物(PM10),59,67,113,19,34,62,,,,12,9,4,4,0.4,0.4
2025-04-14T0600,3187A,116.9509,33.666,宿州市,远航博物馆,颗粒物(PM10),79,107,135,25,30,61,,,,21,14,4,4,0.5,0.5
2025-04-14T0600,3463A,116.9708,33.591,宿州市,社会福利中心,颗粒物(PM10),69,88,127,20,24,60,,,,23,16,5,5,0.4,0.4
2025-04-14T0600,3634A,116.9884,33.6305,宿州市,宿州学院,颗粒物(PM10),71,91,139,27,34,73,,,,17,16,4,5,0.2,0.2
2025-04-14T0600,3701A,116.9648,33.6252,宿州市,皖北煤电集团,颗粒物(PM10),70,89,123,26,27,69,,,,17,14,4,4,0.3,0.3
2025-04-14T0600,2266A,126.9785,46.6365,绥化市,人和东街,,28,12,29,3,12,87,,,,11,14,8,8,0.5,0.5
2025-04-14T0600,2267A,126.964,46.6528,绥化市,党政办公中心,,28,16,41,6,14,89,,,,9,14,9,8,0.4,0.4
2025-04-14T0600,2451A,113.3583,31.7275,随州市,市委党校,颗粒物(PM10),110,170,163,54,47,32,,,,24,18,14,8,0.7,0.7
2025-04-14T0600,2452A,113.3833,31.6908,随州市,市林业局,颗粒物(PM10),99,147,145,51,49,51,,,,19,17,10,9,0.9,0.9
2025-04-14T0600,2453A,113.3983,31.7308,随州市,市立交桥水厂,颗粒物(PM10),105,160,159,51,50,10,,,,35,18,8,9,0.9,0.7
2025-04-14T0600,2527A,105.5453,30.5678,遂宁市,石溪浩,颗粒物(PM10),143,235,327,52,69,9,,,,32,29,2,3,0.3,0.3
2025-04-14T0600,2528A,105.5582,30.5232,遂宁市,市监测站,颗粒物(PM10),145,240,343,66,87,4,,,,47,34,6,6,0.4,0.4
2025-04-14T0600,2529A,105.5861,30.5366,遂宁市,行政中心,颗粒物(PM10),157,263,346,63,92,12,,,,37,27,8,9,0.4,0.3
2025-04-14T0600,2530A,105.5918,30.4728,遂宁市,美宁食品公司,颗粒物(PM10),140,230,337,69,87,0,,,,43,29,8,8,0.4,0.4
2025-04-14T0600,2706A,82.9994,46.7432,塔城地区,东门外小游园,,48,48,42,12,14,63,,,,13,18,4,4,0.2,0.1
2025-04-14T0600,1255A,121.273,28.6459,台州市,黄岩环保大楼,颗粒物(PM10),69,88,130,26,27,31,,,,18,11,2,3,0.4,0.3
2025-04-14T0600,1256A,121.419,28.6542,台州市,台州环保大楼,颗粒物(PM10),72,94,116,32,24,43,,,,31,13,3,3,0.5,0.3
2025-04-14T0600,1257A,121.377,28.5773,台州市,路桥田洋王,颗粒物(PM10),84,118,141,31,27,28,,,,27,14,4,5,0.3,0.3
2025-04-14T0600,3564A,121.2568,28.6681,台州市,台州科技职业学院,颗粒物(PM10),75,100,129,26,31,33,,,,22,18,4,4,0.3,0.3
2025-04-14T0600,1081A,112.522,37.8873,太原市,尖草坪,,25,13,48,3,8,78,,,,9,10,7,9,0.4,0.4
2025-04-14T0600,1083A,112.434,38.0108,太原市,上兰,,27,14,33,3,11,84,,,,11,13,5,5,0.4,0.4
2025-04-14T0600,1084A,112.469,37.7124,太原市,晋源,,27,24,73,8,15,85,,,,6,11,7,9,0.2,0.2
2025-04-14T0600,1085A,112.5583,37.7394,太原市,小店,,25,14,62,6,17,80,,,,11,14,4,5,0.3,0.4
2025-04-14T0600,1086A,112.5369,37.8692,太原市,桃园,,23,19,47,3,12,73,,,,12,6,7,7,0.6,0.6
2025-04-14T0600,1087A,112.57,37.8195,太原市,坞城,,29,29,59,8,22,78,,,,12,8,5,3,0.5,0.5
2025-04-14T0600,1088A,112.549,37.9854,太原市,南寨,,24,17,45,3,7,74,,,,10,10,7,6,0.3,0.3
2025-04-14T0600,3618A,112.4719,37.7831,太原市,金胜,,25,14,77,10,11,80,,,,3,8,5,6,0.4,0.5
2025-04-14T0600,4010A,112.5608,37.8807,太原市,育英中学,,28,28,49,3,11,74,,,,14,10,8,9,0.4,0.5
2025-04-14T0600,1656A,117.1437,36.1937,泰安市,监测站,颗粒物(PM10),68,85,85,14,23,90,,,,12,12,8,9,0.6,0.6
2025-04-14T0600,1657A,117.0885,36.2017,泰安市,人口学校,颗粒物(PM10),76,102,99,30,24,69,,,,13,8,7,8,0.3,0.3
2025-04-14T0600,1658A,117.1089,36.1758,泰安市,电力学校,颗粒物(PM10),69,88,76,41,26,74,,,,8,6,5,6,0.3,0.3
2025-04-14T0600,3502A,117.1812,36.2275,泰安市,国网新校,颗粒物(PM10),62,73,74,22,15,92,,,,4,5,2,3,0.5,0.5
2025-04-14T0600,3503A,117.0313,36.2018,泰安市,交通技校,颗粒物(PM10),70,90,77,22,19,72,,,,20,12,4,6,0.4,0.4
2025-04-14T0600,3504A,117.0829,36.13,泰安市,山东第一医科大学,颗粒物(PM10),80,110,88,26,20,81,,,,8,5,6,7,0.6,0.6
2025-04-14T0600,1206A,119.905,32.4878,泰州市,公园路,颗粒物(PM10),53,56,97,17,20,61,,,,21,14,8,7,0.5,0.5
2025-04-14T0600,1207A,119.9189,32.4625,泰州市,莲花,颗粒物(PM10),59,68,118,19,23,60,,,,22,15,10,10,0.9,0.8
2025-04-14T0600,1209A,119.888,32.4639,泰州市,留学生创业园,颗粒物(PM10),68,86,139,26,32,55,,,,26,17,7,8,0.8,0.6
2025-04-14T0600,2997A,119.8767,32.3289,泰州市,王营,颗粒物(PM10),57,63,100,22,24,50,,,,34,21,9,10,0.4,0.4
2025-04-14T0600,3295A,120.1259,32.5099,泰州市,姜堰区政府广场,颗粒物(PM10),62,73,104,29,29,56,,,,20,12,12,9,0.4,0.4
2025-04-14T0600,3435A,119.9192,32.4322,泰州市,周山河街区,颗粒物(PM10),63,75,106,24,24,64,,,,18,14,9,8,0.4,0.4
2025-04-14T0600,1038A,118.1725,39.6334,唐山市,物资局,,26,22,65,9,11,83,,,,3,2,4,3,0.2,0.2
2025-04-14T0600,1040A,118.1705,39.6506,唐山市,十二中,,25,,66,16,13,78,,,,10,4,2,1,0.2,0.2
2025-04-14T0600,1041A,118.1869,39.622,唐山市,小山,,27,11,61,3,14,84,,,,3,2,2,2,0.2,0.2
2025-04-14T0600,3457A,118.4359,39.2762,唐山市,冀东油田职工医院,,25,18,112,10,9,80,,,,6,6,3,3,0.2,0.3
2025-04-14T0600,3575A,118.09279,39.58089,唐山市,正泰大街热力站,,28,28,74,10,11,71,,,,8,2,2,1,0.3,0.4
2025-04-14T0600,3576A,118.1562,39.8322,唐山市,丰润区政府,,22,17,47,9,11,68,,,,11,5,6,5,0.3,0.3
2025-04-14T0600,3577A,118.43673,39.73809,唐山市,金山小学,,24,22,47,8,6,74,,,,11,5,2,2,0.3,0.4
2025-04-14T0600,3578A,118.24498,39.66941,唐山市,政府服务中心,,25,23,55,12,10,80,,,,4,3,2,3,0.2,0.2
2025-04-14T0600,3692A,118.2059,39.6585,唐山市,消防缸窑路中队,,27,21,77,10,9,86,,,,6,6,4,5,0.2,0.3
2025-04-14T0600,3693A,118.1436,39.6202,唐山市,路南电大,,29,29,74,6,11,82,,,,9,7,3,2,0.2,0.2
2025-04-14T0600,4197A,118.1309,39.6360,唐山市,友谊北路34号,,25,17,62,9,16,80,,,,8,6,3,2,0.2,0.3
2025-04-14T0600,1015A,117.1444,39.1661,天津市,勤俭道,,32,32,98,11,24,85,,,,14,10,4,4,0.3,0.3
2025-04-14T0600,1018A,117.202,39.0927,天津市,前进道,,30,29,98,8,20,95,,,,12,10,4,4,0.4,0.3
2025-04-14T0600,1019A,117.1837,39.2133,天津市,淮河道,,31,31,107,13,29,87,,,,15,9,5,5,0.3,0.3
2025-04-14T0600,1021A,117.3083,39.0884,天津市,跃进路,,36,36,118,8,19,92,,,,16,10,4,4,0.4,0.4
2025-04-14T0600,1023A,117.707,39.0343,天津市,第四大街,,34,34,90,10,21,82,,,,10,8,4,4,0.4,0.4
2025-04-14T0600,1024A,117.457,38.8394,天津市,永明路,,33,33,91,11,22,83,,,,11,8,7,6,0.4,0.4
2025-04-14T0600,1026A,117.764,39.1587,天津市,汉北路,,35,35,105,7,17,84,,,,13,9,4,4,0.2,0.2
2025-04-14T0600,1027A,117.157,38.9194,天津市,团泊洼,,,,,,,,,,,,,,,,
2025-04-14T0600,2858A,117.7918,39.2474,天津市,河西一经路,,32,32,112,10,24,86,,,,13,10,4,4,0.3,0.3
2025-04-14T0600,2859A,117.3747,38.9846,天津市,津沽路,,34,34,113,10,24,88,,,,6,5,3,3,0.1,0.1
2025-04-14T0600,2860A,117.1589,39.0845,天津市,宾水西道,,40,33,101,28,15,94,,,,9,7,3,3,0.3,0.3
2025-04-14T0600,2922A,117.1941,39.1067,天津市,大理道,,29,27,88,7,18,91,,,,8,5,4,4,0.3,0.3
2025-04-14T0600,3020A,117.2101,39.1699,天津市,中山北路,,30,30,106,12,27,80,,,,22,14,4,4,0.3,0.4
2025-04-14T0600,3051A,117.3876,39.1488,天津市,西四道,,31,31,96,7,20,84,,,,13,8,6,6,0.3,0.3
2025-04-14T0600,3325A,117.0365,39.3828,天津市,雍阳西道,,33,33,106,9,24,84,,,,12,9,3,3,0.4,0.4
2025-04-14T0600,3326A,117.0296,39.0605,天津市,辛老路,,36,36,118,7,17,91,,,,8,8,4,4,0.8,0.8
2025-04-14T0600,3327A,116.9638,38.9375,天津市,地纬路,,34,34,88,8,18,88,,,,8,8,8,6,0.2,0.2
2025-04-14T0600,3460A,117.4067,40.0583,天津市,北环路,,30,13,59,3,8,94,,,,5,4,4,4,0.4,0.4
2025-04-14T0600,3461A,117.3045,39.7169,天津市,建设路,,39,32,102,27,23,86,,,,10,7,5,6,0.3,0.2
2025-04-14T0600,3462A,117.8199,39.3521,天津市,滨水东路,,26,22,88,6,17,83,,,,8,7,7,6,0.1,0.1
2025-04-14T0600,4196A,117.2437,39.1029,天津市,光华路,,33,31,102,13,27,103,,,,6,4,4,4,0.6,0.6
2025-04-14T0600,2649A,106.0055,34.343,天水市,麦积山,,,,,,,,,,,,,,,,
2025-04-14T0600,2650A,105.7205,34.5786,天水市,公园小学,颗粒物(PM10),118,185,157,58,41,43,,,,14,15,9,7,0.2,0.3
2025-04-14T0600,2651A,105.8945,34.5538,天水市,麦积国土局,颗粒物(PM10),103,156,163,63,43,36,,,,15,18,6,6,0.4,0.4
2025-04-14T0600,2216A,123.8139,42.3022,铁岭市,汇工街西,,28,,13,19,12,48,,,,9,7,7,7,0.4,0.3
2025-04-14T0600,2217A,123.8649,42.2923,铁岭市,水上乐园,,18,15,14,12,8,21,,,,36,18,3,3,0.5,0.4
2025-04-14T0600,2218A,123.8486,42.2867,铁岭市,银州路东段,,26,21,16,18,12,30,,,,29,15,6,5,0.4,0.4
2025-04-14T0600,2219A,123.7153,42.2217,铁岭市,金沙江路北,,45,,15,31,22,48,,,,13,15,4,6,0.6,0.5
2025-04-14T0600,2229A,125.9358,41.7173,通化市,光明,,16,13,13,11,8,50,,,,17,13,6,8,0.8,0.8
2025-04-14T0600,2230A,125.9446,41.7325,通化市,铁路,,23,23,15,14,8,34,,,,26,15,6,7,0.6,0.5
2025-04-14T0600,2191A,122.2532,43.6801,通辽市,艺术职业学校,,32,32,29,3,7,83,,,,4,4,8,8,0.3,0.3
2025-04-14T0600,3706A,122.2584,43.6333,通辽市,老干部活动中心,,35,24,26,24,27,89,,,,7,9,6,4,0.2,0.2
2025-04-14T0600,3708A,122.2922,43.6189,通辽市,东方明珠社区,,50,41,30,35,33,93,,,,4,6,7,9,0.3,0.3
2025-04-14T0600,1922A,109.0656,35.0994,铜川市,党校,,,,,,,,,,,,,,,,
2025-04-14T0600,1923A,109.0697,35.0697,铜川市,王益区政府,颗粒物(PM10),82,114,147,38,36,81,,,,4,8,4,4,0.4,0.4
2025-04-14T0600,1924A,108.9344,34.9058,铜川市,新区管委会,细颗粒物(PM2.5),135,140,201,103,54,77,,,,7,4,6,6,0.5,0.5
2025-04-14T0600,4234A,108.9497,34.8705,铜川市,大唐三路,颗粒物(PM10),99,148,175,53,36,48,,,,34,5,10,3,0.6,0.4
2025-04-14T0600,2285A,117.8177,30.9412,铜陵市,市第四中学,颗粒物(PM10),135,219,220,65,51,60,,,,18,16,12,14,0.8,0.9
2025-04-14T0600,2286A,117.8059,30.9273,铜陵市,市公路局,颗粒物(PM10),128,205,226,70,52,60,,,,18,15,12,13,0.9,0.8
2025-04-14T0600,2287A,117.7807,30.9413,铜陵市,市新民污水厂,颗粒物(PM10),120,190,183,47,37,46,,,,33,19,16,14,0.6,0.6
2025-04-14T0600,2288A,117.7439,30.8792,铜陵市,市第九中学,颗粒物(PM10),135,220,216,74,65,40,,,,40,26,4,6,0.4,0.5
2025-04-14T0600,2289A,117.846,30.9413,铜陵市,车站新区,颗粒物(PM10),120,190,208,57,41,59,,,,18,17,8,9,0.4,0.4
2025-04-14T0600,2290A,117.8483,30.97,铜陵市,市职教基地,颗粒物(PM10),130,209,193,68,50,61,,,,22,19,13,11,0.5,0.6
2025-04-14T0600,2585A,109.1839,27.7344,铜仁市,铜仁卫校,颗粒物(PM10),73,96,145,30,42,12,,,,13,21,4,5,0.2,0.3
2025-04-14T0600,2586A,109.1753,27.6944,铜仁市,铜仁七中,细颗粒物(PM2.5),67,66,105,48,54,36,,,,8,11,7,8,0.1,0.2
2025-04-14T0600,2686A,89.1904,42.9418,吐鲁番市,市环保局,颗粒物(PM10),53,56,81,11,17,71,,,,7,19,4,4,0.4,0.5
2025-04-14T0600,2687A,89.1673,42.9559,吐鲁番市,地区环保局,,36,36,73,15,19,73,,,,8,18,5,7,0.5,0.6
2025-04-14T0600,1662A,122.1214,37.4236,威海市,华夏技校,,25,22,45,3,7,78,,,,8,7,4,4,0.3,0.1
2025-04-14T0600,1663A,122.0508,37.5236,威海市,山大分校,,27,17,38,3,4,86,,,,6,3,8,7,0.4,0.3
2025-04-14T0600,1664A,122.1067,37.5072,威海市,市监测站,,24,20,50,7,12,76,,,,8,9,3,2,0.2,0.1
2025-04-14T0600,1982A,122.0693,37.2174,威海市,文登开发区,,24,24,64,7,11,76,,,,9,10,5,4,0.4,0.2
2025-04-14T0600,3505A,122.1379,37.3414,威海市,临港区管委会,,24,22,51,3,6,75,,,,6,6,7,7,0.5,0.3
2025-04-14T0600,1650A,119.1437,36.7023,潍坊市,环保局,颗粒物(PM10),73,95,79,11,11,73,,,,12,10,9,9,0.3,0.2
2025-04-14T0600,2877A,119.1641,36.6523,潍坊市,坊子邮政,颗粒物(PM10),75,100,84,34,17,76,,,,12,12,6,7,0.4,0.5
2025-04-14T0600,3178A,119.0587,36.721,潍坊市,潍坊七中,颗粒物(PM10),68,85,81,16,13,78,,,,6,7,6,7,0.5,0.5
2025-04-14T0600,3368A,119.1977,36.6872,潍坊市,高新实验学校,颗粒物(PM10),79,107,92,26,20,74,,,,6,7,4,3,0.4,0.4
2025-04-14T0600,3416A,119.1755,36.7149,潍坊市,潍坊学院,颗粒物(PM10),75,100,89,19,14,76,,,,12,11,6,4,0.3,0.3
2025-04-14T0600,3861A,119.2041,36.7699,潍坊市,寒亭区实验一小,颗粒物(PM10),75,100,86,22,19,69,,,,9,8,6,6,0.4,0.4
2025-04-14T0600,1938A,109.5293,34.5101,渭南市,农科所,,,,,,,,,,,,,,,,
2025-04-14T0600,1940A,109.4636,34.493,渭南市,体育馆,,,227,225,,40,36,,,,40,23,4,5,0.3,0.5
2025-04-14T0600,1941A,109.4259,34.5023,渭南市,高新一小,颗粒物(PM10),120,189,194,58,54,55,,,,26,20,4,4,0.4,0.4
2025-04-14T0600,4235A,109.5051,34.4921,渭南市,渭花路4号,颗粒物(PM10),142,234,215,53,56,36,,,,37,22,4,3,0.4,0.3
2025-04-14T0600,1242A,120.634,28.0089,温州市,瓯海,颗粒物(PM10),86,121,123,35,27,6,,,,57,31,10,8,0.6,0.5
2025-04-14T0600,1243A,120.6748,27.9939,温州市,南浦,颗粒物(PM10),86,122,124,41,32,14,,,,54,29,8,7,0.4,0.2
2025-04-14T0600,1244A,120.76,27.9747,温州市,龙湾,颗粒物(PM10),86,122,121,40,34,4,,,,63,41,7,6,0.5,0.3
2025-04-14T0600,1245A,120.6709,28.0167,温州市,市站,颗粒物(PM10),85,119,121,42,42,16,,,,42,24,5,5,0.5,0.4
2025-04-14T0600,3561A,120.6985,27.9251,温州市,茶山,颗粒物(PM10),79,108,121,38,36,19,,,,33,22,5,6,0.4,0.3
2025-04-14T0600,2610A,104.2533,23.3594,文山壮族苗族自治州,州水务局,颗粒物(PM10),80,109,146,42,54,35,,,,10,10,10,11,0.3,0.3
2025-04-14T0600,2611A,104.2319,23.3892,文山壮族苗族自治州,市便民服务中心,颗粒物(PM10),87,124,142,49,53,33,,,,20,13,8,10,0.2,0.2
2025-04-14T0600,2187A,106.8174,39.6973,乌海市,市林业局,,43,43,70,22,24,60,,,,14,11,9,7,0.4,0.4
2025-04-14T0600,2188A,106.7907,39.6667,乌海市,中海勃湾学校,,33,33,63,9,22,65,,,,11,5,8,8,0.6,0.5
2025-04-14T0600,3284A,106.813,39.7274,乌海市,海北新区,颗粒物(PM10),64,77,71,3,12,9,,,,53,17,13,11,0.5,0.3
2025-04-14T0600,3621A,106.8288,39.6778,乌海市,聚英学校,,33,33,74,6,16,43,,,,14,14,12,13,0.4,0.4
2025-04-14T0600,2197A,113.1306,40.9923,乌兰察布市,集宁新区,,25,18,38,13,14,80,,,,4,4,8,7,0.1,0.2
2025-04-14T0600,3034A,113.1076,41.0385,乌兰察布市,光明街小学,,42,,40,29,20,68,,,,4,5,9,9,0.3,0.3
2025-04-14T0600,3285A,113.1376,40.9509,乌兰察布市,北京八中,,23,18,35,3,10,73,,,,4,3,13,14,0.3,0.3
2025-04-14T0600,3421A,113.1775,40.9779,乌兰察布市,市委党校,,26,18,32,18,18,78,,,,3,2,10,8,0.2,0.2
2025-04-14T0600,1490A,87.5801,43.8303,乌鲁木齐市,监测站,,32,32,51,3,6,94,,,,10,14,2,2,0.3,0.2
2025-04-14T0600,1491A,87.6046,43.768,乌鲁木齐市,收费所,,38,38,38,13,11,76,,,,12,11,5,3,0.2,0.2
2025-04-14T0600,1492A,87.4754,43.9469,乌鲁木齐市,新疆农科院农场,,45,45,76,12,18,89,,,,15,15,6,7,0.5,0.6
2025-04-14T0600,1493A,87.5525,43.8711,乌鲁木齐市,铁路局,,39,39,56,12,13,104,,,,10,15,1,1,0.1,0.1
2025-04-14T0600,1494A,87.6432,43.831,乌鲁木齐市,三十一中学,,46,46,71,11,15,90,,,,6,3,9,8,0.4,0.3
2025-04-14T0600,1496A,87.7216,44.1747,乌鲁木齐市,米东区环保局,颗粒物(PM10),110,170,94,54,24,10,,,,69,25,12,8,0.6,0.4
2025-04-14T0600,3033A,87.4651,43.4569,乌鲁木齐市,培训基地,颗粒物(PM10),68,85,83,24,17,101,,,,3,8,2,3,0.4,0.4
2025-04-14T0600,3437A,88.3118,43.3658,乌鲁木齐市,达坂城区环保局,,41,41,30,9,8,62,,,,2,4,7,8,0.2,0.2
2025-04-14T0600,3438A,87.6162,43.8801,乌鲁木齐市,红光山片区,颗粒物(PM10),51,51,67,10,16,90,,,,12,10,3,4,0.2,0.2
2025-04-14T0600,3439A,87.7024,43.8004,乌鲁木齐市,新师大温泉校区,,45,45,59,8,13,110,,,,2,2,1,1,0.1,0.2
2025-04-14T0600,3440A,87.4921,43.8411,乌鲁木齐市,大绿谷,颗粒物(PM10),51,52,55,13,13,83,,,,14,11,2,2,0.2,0.2
2025-04-14T0600,1188A,120.269,31.4867,无锡市,雪浪,颗粒物(PM10),122,193,136,46,27,71,,,,19,9,13,9,1.2,0.8
2025-04-14T0600,1189A,120.275,31.6219,无锡市,黄巷,颗粒物(PM10),121,191,147,56,29,30,,,,54,22,8,8,0.8,0.5
2025-04-14T0600,1190A,120.294,31.56,无锡市,曹张,颗粒物(PM10),105,160,126,53,29,57,,,,37,21,9,8,0.9,0.7
2025-04-14T0600,1191A,120.242,31.5031,无锡市,漆塘,颗粒物(PM10),122,193,138,48,33,73,,,,23,14,16,8,0.4,0.3
2025-04-14T0600,1192A,120.3489,31.5863,无锡市,东亭,颗粒物(PM10),122,193,147,39,23,47,,,,46,18,8,7,0.8,0.6
2025-04-14T0600,1193A,120.354,31.5475,无锡市,旺庄,颗粒物(PM10),112,173,134,46,32,59,,,,32,16,6,5,1.4,1.3
2025-04-14T0600,1194A,120.245,31.5631,无锡市,荣巷,颗粒物(PM10),115,180,140,56,36,55,,,,32,17,7,6,0.7,0.6
2025-04-14T0600,1195A,120.299,31.6817,无锡市,堰桥,颗粒物(PM10),102,153,148,36,33,33,,,,46,18,7,8,1.2,0.9
2025-04-14T0600,3428A,120.3142,31.4753,无锡市,华庄,颗粒物(PM10),125,199,188,59,33,71,,,,25,14,14,9,0.8,0.4
2025-04-14T0600,2677A,106.1532,37.9648,吴忠市,教育园区,颗粒物(PM10),53,56,81,22,20,24,,,,34,13,5,7,0.3,0.2
2025-04-14T0600,2679A,106.1856,37.9956,吴忠市,新区二泵站,,48,48,72,20,19,44,,,,25,12,6,6,0.3,0.2
2025-04-14T0600,3648A,106.2112,37.9768,吴忠市,文卫南街,颗粒物(PM10),58,66,81,15,21,21,,,,31,14,6,6,0.4,0.2
2025-04-14T0600,1794A,118.3606,31.3519,芜湖市,监测站,颗粒物(PM10),131,211,204,70,76,55,,,,25,18,6,9,0.4,0.6
2025-04-14T0600,1795A,118.3714,31.4134,芜湖市,科创中心,颗粒物(PM10),138,225,229,61,51,53,,,,36,18,7,8,0.3,0.4
2025-04-14T0600,1796A,118.3673,31.3131,芜湖市,四水厂,颗粒物(PM10),135,219,215,62,55,35,,,,47,16,5,7,0.3,0.4
2025-04-14T0600,3328A,118.4209,31.3707,芜湖市,市气象局,颗粒物(PM10),136,222,190,62,55,56,,,,23,11,7,8,0.6,0.6
2025-04-14T0600,3465A,118.4781,31.3225,芜湖市,清苑社区,颗粒物(PM10),143,235,195,70,56,70,,,,21,13,7,8,0.4,0.4
2025-04-14T0600,3466A,118.2746,31.2326,芜湖市,扬子职业技术学院,颗粒物(PM10),147,243,195,78,57,43,,,,40,10,18,8,1.1,0.5
2025-04-14T0600,2495A,111.3014,23.4832,梧州市,市逸夫小学,颗粒物(PM10),158,266,353,70,80,8,,,,28,30,19,12,0.3,0.2
2025-04-14T0600,2496A,111.3239,23.4794,梧州市,市十一中,颗粒物(PM10),181,312,356,77,85,5,,,,43,36,12,10,0.3,0.1
2025-04-14T0600,2498A,111.2711,23.4835,梧州市,龙新,颗粒物(PM10),164,278,386,73,82,5,,,,49,35,14,15,0.3,0.1
2025-04-14T0600,4258A,111.2419,23.4154,梧州市,政贤路18号,颗粒物(PM10),148,245,365,61,81,2,,,,25,22,8,8,0.5,0.3
2025-04-14T0600,2711A,87.5475,44.1756,五家渠市,农水大厦,颗粒物(PM10),75,99,104,29,22,63,,,,13,14,9,7,0.7,0.4
2025-04-14T0600,3441A,87.546,44.1912,五家渠市,经开区管委会,颗粒物(PM10),82,113,112,34,32,76,,,,17,17,16,11,0.8,0.4
2025-04-14T0600,1325A,114.3677,30.5584,武汉市,东湖梨园,颗粒物(PM10),111,172,178,46,48,54,,,,18,13,7,7,0.5,0.4
2025-04-14T0600,1326A,114.2529,30.558,武汉市,汉阳月湖,颗粒物(PM10),118,185,200,56,56,58,,,,15,14,6,6,0.3,0.3
2025-04-14T0600,1327A,114.282,30.6189,武汉市,汉口花桥,颗粒物(PM10),113,176,202,54,52,48,,,,21,13,8,6,0.5,0.5
2025-04-14T0600,1328A,114.3025,30.5332,武汉市,武昌紫阳,颗粒物(PM10),122,193,212,71,58,56,,,,18,16,8,8,0.5,0.4
2025-04-14T0600,1329A,114.3646,30.6217,武汉市,青山钢花,颗粒物(PM10),118,185,208,68,65,49,,,,31,17,10,8,0.5,0.4
2025-04-14T0600,1330A,114.1566,30.4825,武汉市,沌口新区,颗粒物(PM10),116,182,188,53,56,54,,,,21,18,8,8,0.6,0.6
2025-04-14T0600,1331A,114.3014,30.5944,武汉市,汉口江滩,颗粒物(PM10),108,165,193,64,63,55,,,,20,16,8,8,0.4,0.3
2025-04-14T0600,1333A,114.135,30.6319,武汉市,吴家山,颗粒物(PM10),110,170,199,49,56,32,,,,35,16,7,8,0.3,0.3
2025-04-14T0600,1334A,113.8454,30.2917,武汉市,沉湖七壕,颗粒物(PM10),113,176,180,56,47,52,,,,14,17,4,4,0.3,0.3
2025-04-14T0600,3153A,114.3877,30.4908,武汉市,民族大道182号,颗粒物(PM10),125,200,216,70,54,63,,,,11,10,6,6,0.8,0.7
2025-04-14T0600,2652A,102.6201,37.9251,武威市,监测站,,33,33,62,12,19,28,,,,26,22,5,5,0.4,0.4
2025-04-14T0600,4270A,102.6447,37.9293,武威市,钟楼街149号,,34,34,67,16,20,33,,,,27,20,4,4,0.3,0.3
2025-04-14T0600,1463A,108.993,34.2629,西安市,兴庆小区,颗粒物(PM10),102,154,162,58,65,67,,,,19,21,4,4,0.3,0.3
2025-04-14T0600,1464A,109.06,34.2572,西安市,纺织城,颗粒物(PM10),113,176,176,58,52,32,,,,42,29,3,4,0.5,0.5
2025-04-14T0600,1465A,108.9356,34.2173,西安市,小寨,颗粒物(PM10),114,178,191,53,49,72,,,,13,18,5,5,0.5,0.5
2025-04-14T0600,1466A,108.954,34.2713,西安市,市人民体育场,颗粒物(PM10),108,165,187,44,58,54,,,,20,18,4,5,0.5,0.4
2025-04-14T0600,1467A,108.8922,34.2322,西安市,高新西区,颗粒物(PM10),96,142,162,46,44,73,,,,18,20,3,4,0.5,0.5
2025-04-14T0600,1468A,108.935,34.3474,西安市,经开区,颗粒物(PM10),112,174,200,51,49,69,,,,20,20,4,5,0.4,0.4
2025-04-14T0600,1469A,108.906,34.1546,西安市,长安区,颗粒物(PM10),117,183,222,55,76,64,,,,33,21,6,6,0.3,0.4
2025-04-14T0600,1471A,109.2186,34.3731,西安市,临潼区,颗粒物(PM10),109,168,176,59,81,80,,,,12,11,6,6,0.4,0.4
2025-04-14T0600,1472A,108.869,34.378,西安市,草滩,颗粒物(PM10),113,176,210,37,41,52,,,,26,23,1,2,0.3,0.3
2025-04-14T0600,1473A,108.985,34.1978,西安市,曲江文化产业集团,颗粒物(PM10),116,182,184,46,44,73,,,,15,18,7,7,0.4,0.4
2025-04-14T0600,1474A,109.051,34.3213,西安市,广运潭,颗粒物(PM10),118,185,184,60,74,40,,,,44,29,4,5,0.5,0.5
2025-04-14T0600,3605A,109.09,34.5236,西安市,无线电监控中心,颗粒物(PM10),115,180,219,55,54,73,,,,12,18,4,5,0.2,0.3
2025-04-14T0600,4055A,108.8869,34.2662,西安市,行知小学,颗粒物(PM10),121,191,204,65,93,58,,,,35,31,2,3,0.5,0.5
2025-04-14T0600,4233A,108.5962,34.1188,西安市,西苑北路977号,颗粒物(PM10),107,164,194,47,65,81,,,,5,9,7,8,0.5,0.5
2025-04-14T0600,1483A,101.524,36.6867,西宁市,第五水厂,,,,,,,,,,,,,,,,
2025-04-14T0600,3055A,101.7775,36.6428,西宁市,城北区政府,,,,36,,16,,,84,,,18,,20,,0.8
2025-04-14T0600,3629A,101.8305,36.5786,西宁市,世纪职校,,37,37,34,14,15,50,,,,12,20,16,14,0.8,0.7
2025-04-14T0600,3630A,101.7413,36.6397,西宁市,师大城西校区,,50,50,48,25,22,36,,,,26,27,12,15,1.0,1.1
2025-04-14T0600,2612A,100.8018,21.9995,西双版纳傣族自治州,景洪市江南,,33,33,42,21,24,8,,,,12,11,5,5,0.6,0.6
2025-04-14T0600,2613A,100.8017,22.0225,西双版纳傣族自治州,景洪市江北,,38,36,36,26,27,7,,,,10,10,8,8,0.4,0.4
2025-04-14T0600,3606A,108.7108,34.46,西咸新区,北杜,颗粒物(PM10),98,146,200,44,62,70,,,,11,16,5,6,0.3,0.3
2025-04-14T0600,3607A,108.7096,34.2956,西咸新区,同德佳苑,颗粒物(PM10),108,165,202,67,88,69,,,,16,15,5,6,0.1,0.1
2025-04-14T0600,3608A,108.8558,34.4978,西咸新区,崇文塔,颗粒物(PM10),106,162,216,57,69,68,,,,12,15,4,4,0.4,0.4
2025-04-14T0600,2202A,116.1042,43.9317,锡林郭勒盟,市环保监测站,,48,38,45,33,11,86,,,,4,5,1,2,0.3,0.2
2025-04-14T0600,2203A,116.0781,43.9311,锡林郭勒盟,市政府,细颗粒物(PM2.5),63,,58,45,13,80,,,,9,3,2,2,0.3,0.2
2025-04-14T0600,1286A,118.1608,24.8169,厦门市,溪东,,,,,,,,,,,,,,,,
2025-04-14T0600,1287A,118.1514,24.4767,厦门市,洪文,颗粒物(PM10),108,165,184,52,45,25,,,,37,19,4,3,0.4,0.4
2025-04-14T0600,1288A,118.0661,24.4444,厦门市,鼓浪屿,颗粒物(PM10),121,192,185,50,45,23,,,,49,26,10,3,0.5,0.3
2025-04-14T0600,2842A,118.0936,24.5058,厦门市,湖里中学,颗粒物(PM10),104,157,173,52,46,25,,,,42,28,4,2,0.5,0.4
2025-04-14T0600,3527A,118.0958,24.5688,厦门市,集美中学,颗粒物(PM10),93,136,161,45,43,12,,,,51,31,3,2,0.5,0.4
2025-04-14T0600,3528A,118.1493,24.7245,厦门市,同安二实小,颗粒物(PM10),65,79,134,27,41,40,,,,23,24,2,2,0.3,0.2
2025-04-14T0600,2447A,114.3175,29.8142,咸宁市,森林公园,颗粒物(PM10),157,263,225,62,45,81,,,,2,3,6,4,0.2,0.2
2025-04-14T0600,3655A,114.3375,29.8683,咸宁市,长江产业园,颗粒物(PM10),138,226,204,85,58,71,,,,9,8,6,4,0.7,0.6
2025-04-14T0600,4217A,114.3182,29.8447,咸宁市,双鹤路18号,颗粒物(PM10),139,227,193,47,36,84,,,,9,8,4,4,0.3,0.2
2025-04-14T0600,4298A,114.284,29.8595,咸宁市,碧桂路,颗粒物(PM10),126,201,184,55,44,73,,,,14,9,3,2,0.6,0.5
2025-04-14T0600,1918A,108.7197,34.3956,咸阳市,气象站,,,,,,,,,,,,,,,,
2025-04-14T0600,1919A,108.673,34.3155,咸阳市,实验中学,颗粒物(PM10),108,166,221,65,79,66,,,,15,16,5,5,0.2,0.2
2025-04-14T0600,1920A,108.7233,34.3617,咸阳市,师范学院,颗粒物(PM10),132,214,272,76,78,73,,,,18,18,1,2,0.2,0.3
2025-04-14T0600,3165A,108.6594,34.2969,咸阳市,两寺渡,颗粒物(PM10),122,193,223,54,58,66,,,,15,19,5,6,0.2,0.2
2025-04-14T0600,3525A,108.6396,34.4078,咸阳市,奥体中心,颗粒物(PM10),104,158,212,47,66,62,,,,8,12,3,4,0.4,0.4
2025-04-14T0600,1508A,112.9433,27.8614,湘潭市,板塘,颗粒物(PM10),172,294,278,73,65,66,,,,7,9,4,5,0.5,0.6
2025-04-14T0600,1511A,112.9118,27.8403,湘潭市,市监测站,颗粒物(PM10),169,288,286,79,75,51,,,,29,19,44,17,1.5,0.9
2025-04-14T0600,1512A,112.8937,27.8728,湘潭市,江麓,颗粒物(PM10),156,262,264,77,79,64,,,,10,14,8,11,0.6,0.7
2025-04-14T0600,1513A,112.9227,27.8159,湘潭市,岳塘,颗粒物(PM10),150,250,268,68,63,56,,,,13,13,7,5,0.6,0.5
2025-04-14T0600,1514A,112.9074,27.9119,湘潭市,科大,颗粒物(PM10),170,290,292,75,68,57,,,,14,15,14,13,0.9,1
2025-04-14T0600,1562A,113.0048,27.9153,湘潭市,昭山,颗粒物(PM10),161,271,301,75,67,49,,,,18,17,10,8,0.8,0.8
2025-04-14T0600,1564A,112.4876,27.9164,湘潭市,韶山,颗粒物(PM10),154,258,278,44,42,88,,,,6,6,5,4,0.6,0.4
2025-04-14T0600,2492A,109.6414,28.2558,湘西土家族苗族自治州,跃进水库,颗粒物(PM10),75,100,208,35,65,2,,,,3,4,5,5,0.5,0.5
2025-04-14T0600,2493A,109.7325,28.3169,湘西土家族苗族自治州,州政府,颗粒物(PM10),94,137,247,42,68,11,,,,11,13,6,7,0.0,0.1
2025-04-14T0600,2494A,109.6958,28.2675,湘西土家族苗族自治州,吉首市计生局,颗粒物(PM10),98,146,229,46,66,14,,,,11,12,6,7,0.3,0.4
2025-04-14T0600,2432A,112.155,32.0197,襄阳市,襄城运动路,颗粒物(PM10),140,230,323,90,128,73,,,,13,16,7,9,0.4,0.5
2025-04-14T0600,2434A,112.1825,32.1142,襄阳市,高新管委会,颗粒物(PM10),122,194,309,58,91,66,,,,21,19,7,7,0.4,0.4
2025-04-14T0600,2435A,112.2106,32.0903,襄阳市,襄州航空路,颗粒物(PM10),120,190,304,37,80,76,,,,14,15,8,9,0.7,0.7
2025-04-14T0600,3396A,112.0828,32.0067,襄阳市,襄城隆中路,颗粒物(PM10),118,185,300,44,60,78,,,,10,17,7,8,0.8,0.7
2025-04-14T0600,3397A,112.1214,32.1008,襄阳市,高新台子湾,细颗粒物(PM2.5),196,197,303,147,97,79,,,,18,28,7,8,0.2,0.4
2025-04-14T0600,4251A,112.1433,32.0581,襄阳市,铁院东路4号,细颗粒物(PM2.5),277,,302,227,105,87,,,,12,22,6,8,0.2,0.3
2025-04-14T0600,2443A,113.9153,30.9285,孝感市,文化路,颗粒物(PM10),148,246,253,59,59,47,,,,20,11,7,6,0.6,0.4
2025-04-14T0600,2444A,113.942,30.9075,孝感市,东城区,颗粒物(PM10),150,250,261,53,55,37,,,,27,13,10,8,0.6,0.4
2025-04-14T0600,2181A,112.7383,38.4519,忻州市,开发区,,24,17,42,13,12,74,,,,10,10,7,5,0.5,0.5
2025-04-14T0600,2182A,112.7003,38.4928,忻州市,会展中心,,21,16,41,8,11,65,,,,9,8,7,4,0.2,0.2
2025-04-14T0600,3208A,112.7283,38.4153,忻州市,市政府,,25,23,47,3,12,77,,,,8,9,7,6,0.3,0.3
2025-04-14T0600,2389A,113.836,35.311,新乡市,环保西院,颗粒物(PM10),67,84,116,23,20,28,,,,36,15,7,8,0.4,0.3
2025-04-14T0600,2390A,113.884,35.272,新乡市,开发区,颗粒物(PM10),74,97,119,19,32,35,,,,30,12,7,8,0.6,0.5
2025-04-14T0600,2391A,113.883,35.303,新乡市,环保东院,颗粒物(PM10),70,90,108,33,32,31,,,,39,13,5,5,0.5,0.4
2025-04-14T0600,3054A,113.9194,35.2847,新乡市,市委党校,颗粒物(PM10),54,57,124,24,25,36,,,,30,19,4,5,0.4,0.4
2025-04-14T0600,3475A,113.9188,35.3045,新乡市,市政府,颗粒物(PM10),57,64,113,21,33,35,,,,31,18,5,8,0.4,0.4
2025-04-14T0600,3689A,113.9003,35.372,新乡市,行政服务中心,颗粒物(PM10),80,110,131,30,25,14,,,,44,16,8,8,0.6,0.6
2025-04-14T0600,4215A,113.9166,35.3315,新乡市,建设东路46号,颗粒物(PM10),105,160,138,34,27,16,,,,52,16,6,4,0.5,0.4
2025-04-14T0600,2352A,115.0861,27.9317,新余市,北岗,,,,,,,,,,,,,,,,
2025-04-14T0600,2353A,114.9886,27.8431,新余市,飞宇,颗粒物(PM10),105,160,226,57,65,30,,,,23,18,7,5,0.3,0.4
2025-04-14T0600,2354A,114.9231,27.8246,新余市,第二水厂,颗粒物(PM10),121,192,252,53,61,52,,,,10,8,9,7,0.1,0.1
2025-04-14T0600,2355A,114.9308,27.8036,新余市,市气象局,颗粒物(PM10),107,163,214,46,56,33,,,,31,19,12,12,0.6,0.4
2025-04-14T0600,3206A,114.9149,27.807,新余市,新钢沁园村,颗粒物(PM10),113,175,247,44,51,47,,,,15,13,9,9,0.1,0.2
2025-04-14T0600,2054A,114.1099,32.1059,信阳市,平桥分局,颗粒物(PM10),94,137,214,45,58,44,,,,20,11,4,5,0.5,0.4
2025-04-14T0600,2064A,113.9956,32.1271,信阳市,南湾水厂,颗粒物(PM10),97,143,203,44,63,73,,,,10,6,5,4,0.4,0.4
2025-04-14T0600,2065A,114.0775,32.1195,信阳市,市酿酒公司,颗粒物(PM10),84,117,188,44,58,34,,,,22,10,4,5,0.5,0.4
2025-04-14T0600,2066A,114.0609,32.1399,信阳市,审计局,颗粒物(PM10),86,122,203,44,58,49,,,,23,8,6,6,0.5,0.4
2025-04-14T0600,2200A,122.0392,46.0656,兴安盟,胜华新制药厂,,32,30,25,22,20,96,,,,2,3,2,1,0.2,0.3
2025-04-14T0600,2201A,121.9504,46.0741,兴安盟,科右前旗环保局,,32,29,29,15,21,101,,,,6,7,2,2,0.2,0.2
2025-04-14T0600,3035A,122.0931,46.0707,兴安盟,北滨河,,32,30,29,22,22,97,,,,2,2,1,2,0.4,0.4
2025-04-14T0600,1077A,114.4704,37.0886,邢台市,达活泉,颗粒物(PM10),52,54,73,7,24,84,,,,13,19,4,6,0.2,0.4
2025-04-14T0600,1078A,114.5062,37.0349,邢台市,邢师高专,,36,36,69,6,15,91,,,,13,19,3,3,0.2,0.4
2025-04-14T0600,1079A,114.5237,37.0851,邢台市,路桥公司,,31,31,64,3,16,80,,,,6,16,4,6,0.4,0.5
2025-04-14T0600,1080A,114.4725,37.0719,邢台市,市环保局,,40,40,71,8,18,88,,,,11,18,3,3,0.2,0.4
2025-04-14T0600,3584A,115.8844,39.0341,雄安新区,容城县环境保护局,,29,29,64,19,20,86,,,,15,9,7,7,0.1,0.2
2025-04-14T0600,3585A,115.8665,39.0645,雄安新区,河北容城中学,,34,34,71,14,15,84,,,,15,11,11,11,0.3,0.4
2025-04-14T0600,3586A,115.923,38.9405,雄安新区,安新县民政局,,38,38,67,15,17,82,,,,11,7,9,10,0.2,0.3
2025-04-14T0600,3587A,115.9324,38.9338,雄安新区,安新县电力局,,43,,64,30,24,84,,,,8,6,12,12,0.1,0.1
2025-04-14T0600,3588A,116.0901,38.9816,雄安新区,雄县环境保护局,颗粒物(PM10),53,56,98,9,17,67,,,,19,7,9,9,0.2,0.2
2025-04-14T0600,3589A,116.1105,39.0046,雄安新区,雄县国土资源局,,42,42,79,15,20,78,,,,18,10,8,8,0.1,0.2
2025-04-14T0600,1177A,117.179,34.2761,徐州市,黄河新村,颗粒物(PM10),71,92,129,24,42,55,,,,26,21,7,7,0.4,0.4
2025-04-14T0600,1180A,117.256,34.2153,徐州市,新城区,,,,144,,29,,,85,,,16,,6,,0.3
2025-04-14T0600,1181A,117.244,34.2911,徐州市,桃园路,颗粒物(PM10),73,95,136,23,22,67,,,,11,11,6,7,0.4,0.4
2025-04-14T0600,1182A,117.2933,34.2778,徐州市,农科院,颗粒物(PM10),69,88,118,22,35,70,,,,21,21,8,8,0.4,0.4
2025-04-14T0600,3005A,117.1814,34.29,徐州市,鼓楼区政府,颗粒物(PM10),62,73,106,12,28,67,,,,11,13,6,7,0.5,0.5
2025-04-14T0600,3006A,117.1694,34.1781,徐州市,铜山区招生办,颗粒物(PM10),67,83,123,12,29,69,,,,19,18,8,7,0.4,0.4
2025-04-14T0600,3288A,117.4754,34.4422,徐州市,大泉街道,颗粒物(PM10),69,87,113,17,22,57,,,,19,17,10,11,0.4,0.5
2025-04-14T0600,4186A,117.1942,34.22935,徐州市,解放南路202号,颗粒物(PM10),72,93,124,21,23,72,,,,20,20,9,8,0.5,0.5
2025-04-14T0600,2398A,113.7906,33.9953,许昌市,开发区,颗粒物(PM10),64,78,121,18,30,67,,,,14,16,2,4,0.3,0.3
2025-04-14T0600,3134A,113.8172,34.0339,许昌市,市一中,颗粒物(PM10),60,70,121,17,29,66,,,,13,13,1,4,0.2,0.4
2025-04-14T0600,3337A,113.8614,34.0442,许昌市,许昌学院,颗粒物(PM10),67,83,135,24,39,65,,,,18,15,4,5,0.3,0.3
2025-04-14T0600,3338A,113.843,34.0823,许昌市,芙蓉广场,颗粒物(PM10),62,73,143,19,32,69,,,,16,15,4,5,0.0,0.1
2025-04-14T0600,4180A,113.8157,34.12670,许昌市,新元大道996号,颗粒物(PM10),65,80,124,29,32,59,,,,21,15,3,2,0.5,0.3
2025-04-14T0600,4259A,113.8358,34.01552,许昌市,望田路111号,颗粒物(PM10),59,67,125,13,30,69,,,,16,19,5,6,0.4,0.4
2025-04-14T0600,2316A,118.7581,30.9454,宣城市,鳌峰子站,颗粒物(PM10),135,220,152,63,40,78,,,,13,7,8,6,0.8,0.6
2025-04-14T0600,2317A,118.7385,30.9743,宣城市,敬亭山子站,颗粒物(PM10),128,206,150,89,50,73,,,,14,5,8,6,0.6,0.4
2025-04-14T0600,2318A,118.7173,30.9427,宣城市,开发区子站,颗粒物(PM10),118,186,140,66,41,69,,,,15,5,6,4,0.7,0.5
2025-04-14T0600,3470A,118.7724,30.9141,宣城市,夏渡子站,颗粒物(PM10),122,194,152,60,39,72,,,,10,5,5,4,0.7,0.5
2025-04-14T0600,2554A,103.0475,30.02,雅安市,建安厂,颗粒物(PM10),54,58,83,22,32,42,,,,11,27,7,8,0.4,0.5
2025-04-14T0600,2555A,103.0111,29.9833,雅安市,市政府,颗粒物(PM10),53,56,73,22,28,44,,,,4,9,6,5,0.3,0.2
2025-04-14T0600,2556A,102.9905,29.9775,雅安市,川农大,颗粒物(PM10),52,54,69,21,25,52,,,,6,9,5,5,0.3,0.4
2025-04-14T0600,3700A,103.0456,29.9956,雅安市,康养中心,,,,95,,41,,,95,,,5,,1,,0.6
2025-04-14T0600,1642A,121.2514,37.5639,烟台市,开发区,,48,48,46,12,10,69,,,,9,8,5,5,0.5,0.4
2025-04-14T0600,1644A,121.3181,37.5436,烟台市,西郊化工站,,41,41,59,11,15,72,,,,8,8,6,5,0.4,0.3
2025-04-14T0600,1645A,121.4478,37.4822,烟台市,莱山环保局,,41,41,66,8,11,79,,,,2,3,5,5,0.5,0.4
2025-04-14T0600,1646A,121.2611,37.4967,烟台市,福山环保局,,31,31,77,7,12,79,,,,9,8,5,5,0.5,0.5
2025-04-14T0600,3057A,121.5992,37.4014,烟台市,牟平检察院,,34,34,70,8,10,80,,,,3,4,3,3,0.4,0.3
2025-04-14T0600,3366A,121.5206,37.4336,烟台市,中国农业大学,,36,36,67,7,10,81,,,,6,7,4,4,0.4,0.4
2025-04-14T0600,4213A,121.3642,37.5296,烟台市,青年南路118号,,41,41,59,8,9,72,,,,7,7,9,8,0.8,0.7
2025-04-14T0600,1926A,109.4131,36.6275,延安市,枣园,,45,41,174,31,51,34,,,,32,14,6,6,0.6,0.6
2025-04-14T0600,1927A,109.4761,36.6028,延安市,延大医附院,,42,42,220,14,51,40,,,,29,20,4,3,0.3,0.4
2025-04-14T0600,1929A,109.5056,36.6106,延安市,百米大道,,35,35,195,9,41,60,,,,23,21,7,7,0.7,0.7
2025-04-14T0600,3652A,109.4809,36.5786,延安市,西北局旧址,,34,34,180,11,34,64,,,,12,17,4,4,0.3,0.4
2025-04-14T0600,2237A,129.47,42.8883,延边朝鲜族自治州,妇幼医院,,19,,12,6,4,58,,,,10,6,5,5,0.5,0.5
2025-04-14T0600,2238A,129.5055,42.9108,延边朝鲜族自治州,延边医院,,22,,15,6,4,68,,,,11,10,8,8,0.4,0.4
2025-04-14T0600,2239A,129.3964,42.8881,延边朝鲜族自治州,朝阳川镇医院,,,,12,2,4,59,,,,8,5,7,8,0.4,0.4
2025-04-14T0600,1215A,120.118,33.4022,盐城市,盐城电厂,颗粒物(PM10),52,53,97,27,20,48,,,,24,17,8,8,0.4,0.4
2025-04-14T0600,1216A,120.156,33.3942,盐城市,市监测站,,47,47,82,29,25,55,,,,22,18,5,4,0.5,0.4
2025-04-14T0600,1218A,120.2144,33.38,盐城市,开发区管委会,,42,42,81,20,19,62,,,,18,15,6,6,0.4,0.4
2025-04-14T0600,3004A,120.1544,33.3663,盐城市,宝龙广场,,34,34,82,19,22,53,,,,16,12,5,6,0.4,0.3
2025-04-14T0600,3293A,120.1501,33.3367,盐城市,月亮广场,,49,49,79,13,18,52,,,,18,15,6,7,0.4,0.4
2025-04-14T0600,3436A,120.4279,33.205,盐城市,大丰高级中学,,41,41,84,27,20,50,,,,30,19,4,5,0.3,0.4
2025-04-14T0600,1186A,119.389,32.3761,扬州市,邗江监测站,颗粒物(PM10),74,97,148,22,31,66,,,,15,14,6,5,0.5,0.5
2025-04-14T0600,2869A,119.447,32.4155,扬州市,五台山医院,颗粒物(PM10),64,77,154,23,30,70,,,,12,10,4,3,0.3,0.3
2025-04-14T0600,3164A,119.4686,32.3942,扬州市,广陵建设局,颗粒物(PM10),64,78,123,24,36,73,,,,11,10,6,6,0.5,0.5
2025-04-14T0600,3195A,119.3633,32.3972,扬州市,市体育局,颗粒物(PM10),73,95,166,23,28,66,,,,17,15,5,4,0.5,0.5
2025-04-14T0600,3294A,119.5653,32.4222,扬州市,引江管理处,颗粒物(PM10),63,76,124,27,38,68,,,,13,11,8,7,0.5,0.4
2025-04-14T0600,1699A,111.9797,21.8593,阳江市,鸳鸯湖,,,,,,,,,,,,,,,,
2025-04-14T0600,1701A,111.9491,21.8658,阳江市,马南垌,颗粒物(PM10),138,226,319,56,68,15,,,,32,18,5,4,0.3,0.2
2025-04-14T0600,3317A,111.9765,21.8947,阳江市,两阳中学,颗粒物(PM10),128,206,325,49,66,14,,,,36,23,5,5,0.2,0.2
2025-04-14T0600,3453A,112.0125,21.8749,阳江市,阳东陶然,颗粒物(PM10),136,221,323,64,82,51,,,,15,17,10,7,0.5,0.5
2025-04-14T0600,1738A,113.5758,37.8572,阳泉市,市中心,,34,34,50,13,15,83,,,,15,11,5,4,0.6,0.6
2025-04-14T0600,1739A,113.4894,37.8731,阳泉市,赛鱼,,34,34,93,18,16,76,,,,15,14,6,5,0.5,0.5
2025-04-14T0600,1740A,113.5819,37.8486,阳泉市,南庄,,29,,50,20,18,85,,,,10,9,6,5,0.4,0.4
2025-04-14T0600,1742A,113.5614,37.8703,阳泉市,平坦,,26,25,49,6,7,82,,,,18,13,4,3,0.5,0.5
2025-04-14T0600,1743A,113.5158,37.8392,阳泉市,大阳泉,,27,18,38,6,7,86,,,,12,9,7,6,0.4,0.4
2025-04-14T0600,3619A,113.617,37.8571,阳泉市,龙柱,,26,20,49,12,11,81,,,,13,9,5,4,0.4,0.4
2025-04-14T0600,2252A,128.5159,47.4311,伊春市,环保局,,24,18,28,14,18,75,,,,10,10,6,6,0.4,0.4
2025-04-14T0600,2253A,128.9102,47.7412,伊春市,电力嘉园,,25,22,31,14,17,78,,,,11,11,5,4,0.7,0.7
2025-04-14T0600,2254A,129.5029,48.471,伊春市,汤旺河国家公园,,19,19,26,11,14,20,,,,8,11,5,5,0.5,0.5
2025-04-14T0600,3342A,128.4741,47.4346,伊春市,中心小学,,39,,23,27,9,64,,,,8,5,2,2,0.7,0.7
2025-04-14T0600,3343A,128.6871,47.7369,伊春市,检察院,,30,28,28,21,25,60,,,,4,6,9,10,0.8,1.2
2025-04-14T0600,3344A,128.8431,47.8474,伊春市,双子河社区,,30,,26,21,18,74,,,,10,10,4,4,0.7,0.7
2025-04-14T0600,3480A,129.1368,47.6417,伊春市,美溪镇,,36,36,33,6,13,87,,,,8,9,4,4,0.7,0.8
2025-04-14T0600,2704A,81.2996,43.9174,伊犁哈萨克自治州,新政府片区,颗粒物(PM10),106,161,160,59,51,48,,,,14,17,4,4,0.4,0.3
2025-04-14T0600,2705A,81.3364,43.941,伊犁哈萨克自治州,第二水厂,颗粒物(PM10),107,163,169,64,57,32,,,,24,18,6,6,0.5,0.5
2025-04-14T0600,4273A,81.2737,43.9337,伊犁哈萨克自治州,安徽路800号,颗粒物(PM10),109,167,176,59,55,46,,,,26,19,7,7,0.6,0.4
2025-04-14T0600,1882A,104.563,28.793,宜宾市,石马中学,颗粒物(PM10),89,127,206,39,62,21,,,,15,15,6,9,0.3,0.4
2025-04-14T0600,1883A,104.6201,28.7728,宜宾市,市委,颗粒物(PM10),105,160,239,46,61,38,,,,34,32,15,11,0.4,0.4
2025-04-14T0600,1884A,104.6055,28.793,宜宾市,宜宾四中,颗粒物(PM10),123,196,288,54,68,44,,,,26,26,20,12,0.5,0.4
2025-04-14T0600,1885A,104.639,28.7562,宜宾市,市政府,颗粒物(PM10),102,153,247,52,70,33,,,,35,40,11,11,0.7,0.8
2025-04-14T0600,1886A,104.5742,28.7199,宜宾市,黄金嘴,颗粒物(PM10),97,144,227,41,59,34,,,,27,30,15,10,0.5,0.6
2025-04-14T0600,3728A,104.68,28.8071,宜宾市,白酒学院,颗粒物(PM10),106,162,241,48,66,59,,,,22,22,22,11,0.5,0.4
2025-04-14T0600,1840A,111.2992,30.6981,宜昌市,白龙岗,颗粒物(PM10),174,298,323,80,88,60,,,,20,16,7,7,0.6,0.6
2025-04-14T0600,1842A,111.2628,30.6961,宜昌市,点军区,颗粒物(PM10),164,278,289,75,83,65,,,,14,25,6,6,0.1,0.1
2025-04-14T0600,1843A,111.3275,30.7819,宜昌市,夷陵区,颗粒物(PM10),136,222,307,73,84,30,,,,21,14,7,7,0.3,0.3
2025-04-14T0600,3546A,111.4606,30.552,宜昌市,猇亭区张家湾站,颗粒物(PM10),177,303,294,65,62,78,,,,18,23,7,8,0.0,0
2025-04-14T0600,4203A,111.3168,30.7203,宜昌市,西陵二路116号,颗粒物(PM10),173,295,333,90,91,33,,,,33,22,6,6,0.4,0.4
2025-04-14T0600,4204A,111.3526,30.6374,宜昌市,沈家店路6号,颗粒物(PM10),134,217,259,75,100,19,,,,33,36,5,6,0.5,0.4
2025-04-14T0600,2371A,114.3408,27.8064,宜春市,槟榔水业,,,,,,,,,,,,,,,,
2025-04-14T0600,2373A,114.3956,27.7844,宜春市,市石油公司,颗粒物(PM10),112,174,220,38,47,48,,,,18,10,8,5,2.3,1.2
2025-04-14T0600,2374A,114.3703,27.7914,宜春市,市气象局,颗粒物(PM10),116,182,220,44,52,38,,,,21,13,12,8,1.3,0.6
2025-04-14T0600,2375A,114.4013,27.8074,宜春市,市广电局,颗粒物(PM10),137,223,261,50,54,54,,,,17,15,50,13,0.9,0.7
2025-04-14T0600,3151A,114.375,27.8097,宜春市,宜春学院北校区,颗粒物(PM10),134,217,260,61,68,46,,,,13,10,52,14,1.0,0.7
2025-04-14T0600,3415A,114.4519,28.0828,宜春市,万载县环保局,颗粒物(PM10),153,255,282,66,62,73,,,,9,8,6,5,0.2,0.2
2025-04-14T0600,2467A,112.4067,28.6428,益阳市,甘溪港,颗粒物(PM10),133,215,258,63,64,21,,,,9,11,2,2,0.7,0.6
2025-04-14T0600,2468A,112.3458,28.5808,益阳市,市环保局,颗粒物(PM10),104,158,160,72,63,66,,,,8,10,5,5,0.9,0.6
2025-04-14T0600,4181A,112.3571,28.55878,益阳市,龙洲,颗粒物(PM10),103,156,174,76,67,54,,,,16,8,3,4,0.5,0.4
2025-04-14T0600,4187A,112.3425,28.6110,益阳市,幸福渠东路223号,颗粒物(PM10),105,159,170,58,52,46,,,,21,14,3,3,,0.4
2025-04-14T0600,4188A,112.3712,28.5764,益阳市,益鑫泰路85号,细颗粒物(PM2.5),110,145,170,83,75,28,,,,27,13,4,4,0.4,0.2
2025-04-14T0600,1484A,105.9512,38.6016,银川市,贺兰山马莲口,,,,,,,,,,,,,,,,
2025-04-14T0600,1489A,106.1358,38.5036,银川市,学院路,颗粒物(PM10),62,73,89,27,31,15,,,,63,28,5,5,0.6,0.6
2025-04-14T0600,2924A,106.2266,38.4418,银川市,水乡路,颗粒物(PM10),61,72,75,19,19,37,,,,35,22,18,9,0.5,0.4
2025-04-14T0600,2925A,106.2757,38.4842,银川市,上海东路,,50,50,66,18,20,40,,,,28,18,8,6,0.3,0.3
2025-04-14T0600,2926A,106.1015,38.497,银川市,文昌北街,颗粒物(PM10),60,70,71,30,19,11,,,,57,23,6,6,0.6,0.6
2025-04-14T0600,3523A,106.5105,38.3856,银川市,滨河新区,颗粒物(PM10),61,71,80,27,24,31,,,,22,10,18,18,0.5,0.5
2025-04-14T0600,4242A,106.2264,38.4920,银川市,广场西路,颗粒物(PM10),53,56,66,20,22,35,,,,28,17,4,4,0.8,0.7
2025-04-14T0600,2357A,116.9822,28.1136,鹰潭市,龙虎山,,,,,,,,,,,,,,,,
2025-04-14T0600,2358A,117.0564,28.2642,鹰潭市,新监测站,颗粒物(PM10),86,121,185,28,30,29,,,,25,16,22,12,0.3,0.3
2025-04-14T0600,2359A,117.0311,28.2475,鹰潭市,财苑宾馆,颗粒物(PM10),92,134,198,20,29,37,,,,19,11,10,10,0.4,0.2
2025-04-14T0600,2360A,117.0222,28.2264,鹰潭市,体育馆,颗粒物(PM10),120,189,199,39,34,56,,,,12,12,11,11,0.3,0.2
2025-04-14T0600,2361A,117.0017,28.2131,鹰潭市,三川水表,颗粒物(PM10),122,194,208,58,44,16,,,,49,20,11,10,0.5,0.3
2025-04-14T0600,1597A,122.2703,40.7094,营口市,大庆路,,23,19,23,16,12,55,,,,12,9,4,5,0.4,0.1
2025-04-14T0600,1598A,122.2150,40.6511,营口市,镜湖西路,,19,18,24,13,8,56,,,,8,5,5,5,0.9,0.5
2025-04-14T0600,1599A,122.1658,40.6789,营口市,西炮台,,33,,22,23,11,42,,,,15,10,3,2,0.6,0.4
2025-04-14T0600,3379A,122.1139,40.2278,营口市,鲅鱼圈市民活动中心,,35,,22,24,8,59,,,,15,9,6,6,0.6,0.3
2025-04-14T0600,3866A,122.2469,40.66302,营口市,三高中,,49,,25,34,12,58,,,,12,11,3,3,0.5,0.3
2025-04-14T0600,4006A,122.3622,40.6762,营口市,老边实验小学,,50,,20,35,14,52,,,,17,15,13,12,0.8,0.1
2025-04-14T0600,2477A,111.6217,26.2081,永州市,零陵南津渡,颗粒物(PM10),140,229,304,91,111,50,,,,6,6,14,10,0.5,0.4
2025-04-14T0600,2478A,111.6156,26.4214,永州市,市环境监测站,颗粒物(PM10),180,309,374,86,95,54,,,,10,13,11,8,0.3,0.3
2025-04-14T0600,2480A,111.5992,26.4364,永州市,永州市环保局,颗粒物(PM10),162,273,353,76,96,43,,,,10,12,7,6,0.4,0.3
2025-04-14T0600,2481A,111.5989,26.4519,永州市,冷水滩区环保局,颗粒物(PM10),182,314,383,87,100,54,,,,11,14,10,9,0.5,0.4
2025-04-14T0600,4299A,111.6195,26.2253,永州市,徐家井路86号,颗粒物(PM10),168,285,367,72,91,47,,,,12,11,13,9,0.3,0.4
2025-04-14T0600,2638A,109.7414,38.3344,榆林市,红石峡森林公园,,,,,,,,,,,,,,,,
2025-04-14T0600,2639A,109.7456,38.2911,榆林市,世纪广场,,49,36,132,34,25,49,,,,22,18,7,6,0.3,0.3
2025-04-14T0600,2640A,109.7289,38.2839,榆林市,实验中学,,41,41,141,9,17,55,,,,12,10,10,8,0.3,0.4
2025-04-14T0600,2641A,109.7336,38.2478,榆林市,环保监测大楼,,40,40,133,14,29,52,,,,19,12,10,8,0.5,0.5
2025-04-14T0600,2509A,110.1106,22.7019,玉林市,寒山水库,颗粒物(PM10),152,253,357,75,92,13,,,,32,14,6,6,0.4,0.3
2025-04-14T0600,2511A,110.1433,22.6164,玉林市,南江一中,颗粒物(PM10),186,322,395,111,105,3,,,,53,24,13,4,0.7,0.6
2025-04-14T0600,3532A,110.1945,22.6831,玉林市,玉林师范学院东校区,颗粒物(PM10),155,260,407,69,107,37,,,,23,25,5,8,0.3,0.4
2025-04-14T0600,3533A,110.0527,22.5893,玉林市,福绵环保局,颗粒物(PM10),153,256,354,79,106,30,,,,16,20,4,5,0.2,0.2
2025-04-14T0600,4255A,110.1680,22.6410,玉林市,人民东路196号,颗粒物(PM10),156,261,385,79,102,9,,,,36,28,6,9,0.8,0.7
2025-04-14T0600,2675A,97,33.0014,玉树藏族自治州,玉树县结古镇,,17,17,19,6,8,48,,,,19,16,7,8,0.5,0.5
2025-04-14T0600,1715A,102.575,24.3711,玉溪市,东风水库,颗粒物(PM10),52,53,72,32,30,51,,,,15,17,9,11,0.5,0.5
2025-04-14T0600,2882A,102.5389,24.3703,玉溪市,玉溪一中,,50,50,75,21,27,47,,,,20,19,9,10,0.5,0.4
2025-04-14T0600,2883A,102.5381,24.3389,玉溪市,文体中心,,46,46,74,23,24,55,,,,16,17,9,11,0.7,0.6
2025-04-14T0600,1848A,113.1493,29.4251,岳阳市,城陵矶,颗粒物(PM10),137,224,228,75,64,40,,,,27,10,7,6,0.5,0.4
2025-04-14T0600,1849A,113.1497,29.3575,岳阳市,开发区,颗粒物(PM10),132,213,237,73,62,46,,,,20,10,7,6,0.9,0.7
2025-04-14T0600,1850A,113.2621,29.4758,岳阳市,云溪区,颗粒物(PM10),136,222,227,61,54,64,,,,14,13,12,10,0.4,0.3
2025-04-14T0600,1851A,112.9943,29.4402,岳阳市,君山区,颗粒物(PM10),131,212,229,60,53,51,,,,9,7,8,8,0.4,0.4
2025-04-14T0600,1852A,113.2117,29.355,岳阳市,金凤水库,颗粒物(PM10),152,253,251,54,45,60,,,,20,19,8,6,0.6,0.5
2025-04-14T0600,4265A,113.1088,29.3531,岳阳市,求索西路365号,颗粒物(PM10),117,184,186,60,49,54,,,,15,11,5,5,0.5,0.4
2025-04-14T0600,1712A,112.0392,22.9169,云浮市,新市府,颗粒物(PM10),121,191,254,56,65,29,,,,13,19,3,6,0.2,0.2
2025-04-14T0600,1714A,112.0539,22.9539,云浮市,牧羊,颗粒物(PM10),127,204,256,56,61,5,,,,40,33,27,13,0.4,0.3
2025-04-14T0600,3628A,112.0336,22.9374,云浮市,文笔,颗粒物(PM10),161,271,339,70,81,8,,,,43,25,89,13,0.4,0.4
2025-04-14T0600,2175A,110.9956,35.0147,运城市,运城中学,颗粒物(PM10),84,117,235,11,38,81,,,,8,10,6,7,0.5,0.5
2025-04-14T0600,2178A,110.9686,35.0303,运城市,地区技校,颗粒物(PM10),73,96,239,11,30,83,,,,8,10,4,6,0.4,0.5
2025-04-14T0600,2179A,111.0414,35.1147,运城市,空港新区,颗粒物(PM10),81,112,269,16,35,79,,,,9,11,7,5,0.6,0.5
2025-04-14T0600,3667A,111.0283,35.0547,运城市,水利职院,颗粒物(PM10),89,127,243,16,42,83,,,,7,10,6,7,0.5,0.5
2025-04-14T0600,3670A,111.0522,35.0439,运城市,禹都公园,颗粒物(PM10),87,124,237,30,64,84,,,,6,7,8,7,0.8,0.8
2025-04-14T0600,1637A,117.558,34.8438,枣庄市,市中区政府,细颗粒物(PM2.5),79,100,106,58,20,51,,,,23,14,10,7,0.5,0.4
2025-04-14T0600,1638A,117.2852,34.7837,枣庄市,薛城环保局,颗粒物(PM10),77,103,121,40,31,68,,,,12,14,9,9,0.5,0.4
2025-04-14T0600,1639A,117.5852,34.7745,枣庄市,峄城区政府,颗粒物(PM10),78,105,106,9,19,69,,,,14,14,6,6,0.4,0.3
2025-04-14T0600,1640A,117.7276,34.5578,枣庄市,台儿庄区环保局,颗粒物(PM10),62,73,101,14,20,67,,,,15,13,7,10,0.4,0.4
2025-04-14T0600,1641A,117.4518,35.0992,枣庄市,山亭区环保局,颗粒物(PM10),74,97,91,17,17,67,,,,8,7,2,4,0.4,0.4
2025-04-14T0600,3364A,117.3152,34.8103,枣庄市,市环保局,颗粒物(PM10),73,95,101,17,23,65,,,,13,11,6,5,0.3,0.2
2025-04-14T0600,1680A,110.3539,21.2706,湛江市,湛江影剧院,颗粒物(PM10),151,251,275,79,73,46,,,,41,19,15,15,0.7,0.6
2025-04-14T0600,1681A,110.3928,21.2228,湛江市,市环境监测站,颗粒物(PM10),161,272,279,76,75,51,,,,26,14,16,14,0.4,0.3
2025-04-14T0600,1682A,110.4019,21.1997,湛江市,环保局宿舍,颗粒物(PM10),156,261,268,86,78,56,,,,26,15,27,11,0.6,0.5
2025-04-14T0600,1683A,110.4111,21.2028,湛江市,霞山游泳场,颗粒物(PM10),173,296,314,76,78,58,,,,22,13,15,12,0.4,0.3
2025-04-14T0600,1684A,110.3316,21.2679,湛江市,麻章区环保局,细颗粒物(PM2.5),104,,300,78,78,56,,,,31,19,16,22,0.7,0.5
2025-04-14T0600,1685A,110.4558,21.2567,湛江市,坡头区环保局,颗粒物(PM10),146,241,260,81,82,26,,,,43,15,16,10,0.5,0.4
2025-04-14T0600,1858A,110.5319,29.1217,张家界市,永定新区,颗粒物(PM10),124,198,320,70,91,34,,,,15,10,4,4,0.0,0
2025-04-14T0600,1859A,110.4697,29.1242,张家界市,电业局,颗粒物(PM10),128,205,332,63,84,,,,,12,12,5,6,0.0,0.1
2025-04-14T0600,1860A,110.5594,29.3547,张家界市,未央路,颗粒物(PM10),90,130,291,57,90,40,,,,3,9,4,4,0.3,0.3
2025-04-14T0600,1861A,110.4417,29.315,张家界市,袁家界,,,,,,,,,,,,,,,,
2025-04-14T0600,1057A,114.8883,40.8336,张家口市,人民公园,细颗粒物(PM2.5),65,,63,47,21,90,,,,4,2,3,2,0.5,0.3
2025-04-14T0600,1059A,114.8687,40.8042,张家口市,五金库,细颗粒物(PM2.5),60,59,57,43,15,93,,,,3,2,3,3,0.8,0.6
2025-04-14T0600,1060A,114.8902,40.762,张家口市,世纪豪园,细颗粒物(PM2.5),69,,65,50,15,93,,,,4,3,6,6,0.6,0.5
2025-04-14T0600,1061A,114.8916,40.8661,张家口市,北泵房,细颗粒物(PM2.5),74,,52,54,18,92,,,,2,2,4,4,0.3,0.3
2025-04-14T0600,3131A,114.879,40.7993,张家口市,烟厂,细颗粒物(PM2.5),73,63,58,53,17,87,,,,4,2,2,2,0.5,0.4
2025-04-14T0600,3323A,115.2773,40.9724,张家口市,青少年活动中心,细颗粒物(PM2.5),59,,78,42,20,93,,,,5,3,7,7,0.6,0.5
2025-04-14T0600,2654A,100.4698,38.9524,张掖市,润泉湖,,35,35,41,13,15,42,,,,10,13,15,7,0.3,0.4
2025-04-14T0600,2655A,100.4154,38.9422,张掖市,区工会,,32,32,40,10,13,34,,,,14,14,9,10,0.4,0.4
2025-04-14T0600,2075A,117.6336,24.4674,漳州市,九湖,,,,,,,,,,,,,,,,
2025-04-14T0600,2920A,117.7116,24.506,漳州市,蓝田镇,颗粒物(PM10),80,109,197,38,54,16,,,,36,26,9,6,0.5,0.4
2025-04-14T0600,3216A,114.6622,24.5183,漳州市,漳州党校,颗粒物(PM10),76,102,171,35,54,30,,,,27,25,10,8,0.5,0.5
2025-04-14T0600,3530A,117.6296,24.5314,漳州市,西洋坪路,颗粒物(PM10),57,63,104,30,44,15,,,,29,24,7,7,0.5,0.5
2025-04-14T0600,2596A,103.7667,27.3736,昭通市,监测站,颗粒物(PM10),78,105,113,43,38,25,,,,27,14,14,9,0.5,0.3
2025-04-14T0600,4261A,103.7247,27.3415,昭通市,环东路146号,颗粒物(PM10),71,91,112,44,44,27,,,,29,13,15,13,0.6,0.4
2025-04-14T0600,1397A,112.4267,23.0706,肇庆市,睦岗子站,颗粒物(PM10),158,265,298,60,64,8,,,,47,35,13,12,0.3,0.5
2025-04-14T0600,1398A,112.4645,23.0475,肇庆市,城中子站,颗粒物(PM10),156,262,306,67,79,9,,,,47,30,10,9,0.4,0.4
2025-04-14T0600,1399A,112.5544,23.1522,肇庆市,坑口子站,颗粒物(PM10),138,226,287,65,78,30,,,,27,23,3,3,0.2,0.2
2025-04-14T0600,1400A,112.4753,23.1,肇庆市,七星岩子站,颗粒物(PM10),151,251,299,76,87,2,,,,54,32,6,5,0.4,0.4
2025-04-14T0600,3313A,112.4575,23.0166,肇庆市,高要湖西,颗粒物(PM10),160,269,320,73,86,4,,,,46,26,33,16,0.4,0.3
2025-04-14T0600,3451A,112.5617,23.2083,肇庆市,鼎湖凤凰,颗粒物(PM10),128,206,284,57,77,28,,,,12,15,1,3,0.3,0.3
2025-04-14T0600,1203A,119.6707,32.1875,镇江市,新区办事处,颗粒物(PM10),70,89,150,34,30,62,,,,30,18,7,6,0.5,0.4
2025-04-14T0600,1204A,119.4974,32.1968,镇江市,职教中心,颗粒物(PM10),70,90,145,34,42,63,,,,26,16,4,5,0.6,0.6
2025-04-14T0600,1205A,119.4303,32.1328,镇江市,丹徒区监测站,颗粒物(PM10),76,102,165,36,42,65,,,,13,6,3,3,0.5,0.5
2025-04-14T0600,2870A,119.4424,32.1873,镇江市,市疾控中心,颗粒物(PM10),79,107,132,32,31,54,,,,32,20,8,8,0.4,0.4
2025-04-14T0600,3287A,119.3842,32.1976,镇江市,富润路1号,颗粒物(PM10),78,106,182,42,42,47,,,,39,22,7,8,0.6,0.6
2025-04-14T0600,1316A,113.69031,34.76122,郑州市,烟厂,颗粒物(PM10),58,65,146,34,68,68,,,,18,19,3,4,0.7,0.7
2025-04-14T0600,1317A,113.65724,34.77134,郑州市,郑纺机,颗粒物(PM10),62,73,140,24,44,70,,,,13,14,7,8,0.6,0.6
2025-04-14T0600,1318A,113.67526,34.80246,郑州市,银行学校,颗粒物(PM10),56,62,111,18,41,72,,,,15,13,5,6,0.7,0.7
2025-04-14T0600,1319A,113.56746,34.81334,郑州市,供水公司,颗粒物(PM10),53,56,127,15,62,69,,,,12,12,5,6,0.7,0.7
2025-04-14T0600,1320A,113.7329,34.7178,郑州市,经开区管委,颗粒物(PM10),54,57,114,27,54,67,,,,16,19,3,5,0.4,0.4
2025-04-14T0600,1321A,113.73961,34.77172,郑州市,四十七中,,39,39,32,20,27,69,,,,13,16,7,8,0.5,0.5
2025-04-14T0600,1323A,113.64164,34.7525,郑州市,河医大,细颗粒物(PM2.5),120,,132,91,34,64,,,,17,20,6,6,0.8,0.7
2025-04-14T0600,1324A,113.51488,34.91089,郑州市,岗李水库,,,,,,,,,,,,,,,,
2025-04-14T0600,3471A,113.616563,34.86783,郑州市,惠济区政府,颗粒物(PM10),52,54,133,19,43,64,,,,17,19,3,5,0.5,0.5
2025-04-14T0600,3590A,113.8374,34.5589,郑州市,北区建设指挥部,颗粒物(PM10),61,72,153,28,42,42,,,,46,23,4,7,0.8,0.8
2025-04-14T0600,3591A,113.30952,34.803229,郑州市,上街区政府,细颗粒物(PM2.5),79,77,149,58,87,54,,,,22,15,8,7,0.5,0.4
2025-04-14T0600,4293A,113.6051,34.7552,郑州市,计划路2号,细颗粒物(PM2.5),63,66,126,45,49,66,,,,23,21,5,5,0.7,0.7
2025-04-14T0600,1379A,113.3769,22.5211,中山市,华柏园,颗粒物(PM10),154,258,345,78,71,11,,,,50,35,8,8,0.5,0.4
2025-04-14T0600,1380A,113.3881,22.5497,中山市,张溪,颗粒物(PM10),180,309,377,80,66,9,,,,51,33,4,5,0.6,0.4
2025-04-14T0600,1381A,113.4075,22.5111,中山市,紫马岭,颗粒物(PM10),141,231,325,72,85,5,,,,46,32,8,8,0.4,0.3
2025-04-14T0600,1382A,113.4411,22.4853,中山市,长江旅游区,颗粒物(PM10),134,217,315,66,85,16,,,,23,20,5,5,0.6,0.5
2025-04-14T0600,3454A,113.3528,22.478,中山市,中山南区,颗粒物(PM10),124,197,297,63,70,16,,,,36,29,4,5,0.5,0.3
2025-04-14T0600,2680A,105.0025,37.4635,中卫市,沙坡头消防站,,,,,,,,,,,,,,,,
2025-04-14T0600,2682A,105.1971,37.5002,中卫市,环保局站,细颗粒物(PM2.5),55,47,240,39,76,74,,,,6,7,6,6,0.4,0.3
2025-04-14T0600,3650A,105.1698,37.5162,中卫市,沙坡头区政府站,颗粒物(PM10),58,66,168,26,57,69,,,,7,11,7,7,0.3,0.3
2025-04-14T0600,1414A,106.3787,29.8279,重庆市,缙云山,颗粒物(PM10),132,214,328,58,75,120,,,,5,9,5,5,0.4,0.4
2025-04-14T0600,1416A,106.4213,29.8253,重庆市,天生,颗粒物(PM10),142,234,364,58,74,6,,,,48,35,10,11,0.4,0.4
2025-04-14T0600,1417A,106.6263,29.7228,重庆市,两路,颗粒物(PM10),199,347,392,89,83,21,,,,73,44,9,7,0.7,0.5
2025-04-14T0600,1418A,106.2953,29.5983,重庆市,虎溪,颗粒物(PM10),151,251,351,66,95,37,,,,30,36,10,8,0.5,0.5
2025-04-14T0600,1419A,106.5777,29.5102,重庆市,南坪,颗粒物(PM10),146,241,279,91,102,29,,,,67,41,12,7,0.9,0.5
2025-04-14T0600,1420A,106.6556,29.6277,重庆市,唐家沱,颗粒物(PM10),113,175,325,51,82,6,,,,29,27,8,8,0.5,0.5
2025-04-14T0600,1421A,106.6349,29.4906,重庆市,茶园,颗粒物(PM10),159,267,388,79,88,5,,,,64,49,8,8,0.7,0.7
2025-04-14T0600,1422A,106.3754,29.4572,重庆市,白市驿,颗粒物(PM10),186,322,396,72,81,52,,,,31,23,11,9,0.5,0.4
2025-04-14T0600,1425A,106.6205,29.7166,重庆市,空港,颗粒物(PM10),154,258,331,72,87,18,,,,60,33,9,8,0.7,0.6
2025-04-14T0600,1427A,106.5616,29.6453,重庆市,礼嘉,颗粒物(PM10),154,257,362,64,73,0,,,,76,53,9,9,0.7,0.6
2025-04-14T0600,1428A,106.4522,29.7091,重庆市,蔡家,颗粒物(PM10),142,234,346,79,88,8,,,,55,39,5,6,0.6,0.4
2025-04-14T0600,1429A,106.5093,29.3917,重庆市,鱼新街,颗粒物(PM10),133,215,327,58,55,7,,,,55,43,7,6,0.7,0.6
2025-04-14T0600,3014A,106.4958,29.5346,重庆市,歇台子,颗粒物(PM10),137,223,340,62,70,0,,,,76,42,8,8,1.6,0.6
2025-04-14T0600,3015A,106.4037,29.5728,重庆市,龙井湾,颗粒物(PM10),298,418,491,92,101,75,,,,22,19,11,8,0.8,0.5
2025-04-14T0600,3016A,106.5507,29.4153,重庆市,龙洲湾,颗粒物(PM10),142,234,314,73,78,13,,,,68,30,7,8,0.5,0.4
2025-04-14T0600,3133A,106.5468,29.5654,重庆市,上清寺,颗粒物(PM10),148,246,365,64,81,0,,,,75,61,7,8,0.6,0.6
2025-04-14T0600,3346A,108.3872,31.1628,重庆市,安康,颗粒物(PM10),132,213,294,75,98,20,,,,29,21,6,6,0.5,0.5
2025-04-14T0600,3347A,105.9017,29.3569,重庆市,北山路,颗粒物(PM10),118,185,270,74,96,45,,,,31,27,3,4,0.6,0.5
2025-04-14T0600,3350A,106.6479,29.0244,重庆市,滩子口,颗粒物(PM10),90,129,266,55,82,22,,,,27,24,13,5,0.4,0.4
2025-04-14T0600,3351A,105.7167,29.7076,重庆市,棠香,颗粒物(PM10),108,165,302,63,94,16,,,,18,21,6,5,0.6,0.5
2025-04-14T0600,3352A,107.0732,29.8617,重庆市,桃源西路,颗粒物(PM10),112,173,259,70,101,20,,,,24,20,2,7,0.4,0.6
2025-04-14T0600,3353A,107.3535,29.7287,重庆市,迎宾大道,颗粒物(PM10),141,232,416,61,100,6,,,,38,34,7,7,0.5,0.4
2025-04-14T0600,3354A,108.815,29.5081,重庆市,舟白,颗粒物(PM10),87,124,253,53,86,45,,,,7,16,7,8,0.2,0.4
2025-04-14T0600,3355A,108.3679,30.8426,重庆市,周家坝,颗粒物(PM10),171,292,390,95,113,7,,,,43,36,16,16,0.4,0.5
2025-04-14T0600,3356A,108.4319,30.7555,重庆市,百安坝,颗粒物(PM10),156,261,394,92,122,26,,,,24,20,9,9,0.3,0.4
2025-04-14T0600,3482A,107.7541,29.3277,重庆市,芙蓉中路,颗粒物(PM10),121,192,366,75,95,13,,,,30,22,18,9,0.5,0.5
2025-04-14T0600,3483A,108.7661,29.5368,重庆市,西山,颗粒物(PM10),109,168,293,46,80,18,,,,20,19,6,7,0.3,0.4
2025-04-14T0600,3484A,106.2628,29.32,重庆市,行政中心,颗粒物(PM10),152,254,347,76,86,2,,,,60,43,9,10,0.8,0.6
2025-04-14T0600,3599A,106.2649,29.9851,重庆市,书院路,颗粒物(PM10),146,241,343,81,117,9,,,,39,23,12,11,0.7,0.7
2025-04-14T0600,3600A,106.2339,29.5559,重庆市,虎峰,颗粒物(PM10),150,250,366,68,86,45,,,,31,23,17,13,0.6,0.3
2025-04-14T0600,3601A,106.0499,29.8342,重庆市,龙门街,颗粒物(PM10),102,153,237,73,101,20,,,,24,27,13,11,0.4,0.4
2025-04-14T0600,3610A,105.5933,29.4105,重庆市,昌元,颗粒物(PM10),110,170,257,48,57,10,,,,24,22,5,6,0.5,0.4
2025-04-14T0600,4223A,106.4686,29.4893,重庆市,双山路147号,颗粒物(PM10),159,268,398,69,85,21,,,,67,47,18,12,0.6,0.5
2025-04-14T0600,4246A,105.8340,30.1886,重庆市,桃园路24号,细颗粒物(PM2.5),139,212,322,106,148,14,,,,22,16,10,15,0.6,0.6
2025-04-14T0600,4247A,107.0910,29.1540,重庆市,钟楼街32号,颗粒物(PM10),101,152,267,62,92,31,,,,19,20,4,5,0.3,0.4
2025-04-14T0600,4248A,107.8043,30.6735,重庆市,人民南路309号,颗粒物(PM10),159,268,412,87,105,49,,,,22,25,7,7,0.4,0.5
2025-04-14T0600,1258A,122.122,30.0203,舟山市,定海檀枫,颗粒物(PM10),73,96,134,30,26,28,,,,44,32,5,6,0.7,0.7
2025-04-14T0600,1260A,122.19,29.9944,舟山市,临城新区,颗粒物(PM10),77,103,117,24,24,30,,,,32,17,4,5,0.7,0.6
2025-04-14T0600,4033A,122.3123,29.9619,舟山市,普陀东港中学,颗粒物(PM10),82,114,125,28,24,45,,,,42,11,7,6,0.6,0.5
2025-04-14T0600,2068A,114.6758,33.6347,周口市,周口师范,颗粒物(PM10),64,78,194,18,46,73,,,,14,13,4,3,0.6,0.6
2025-04-14T0600,4269A,114.6701,33.6167,周口市,七一路,颗粒物(PM10),56,61,184,27,50,77,,,,10,9,7,7,0.6,0.6
2025-04-14T0600,4296A,114.6421,33.6417,周口市,健康路46号,颗粒物(PM10),64,77,129,13,49,61,,,,17,12,6,4,0.5,0.4
2025-04-14T0600,4297A,114.649,33.596,周口市,太昊路,颗粒物(PM10),59,68,148,14,40,80,,,,14,12,6,6,0.3,0.3
2025-04-14T0600,1515A,113.135,27.8244,株洲市,天台山庄,颗粒物(PM10),155,259,280,62,67,69,,,,10,12,9,7,0.5,0.5
2025-04-14T0600,1518A,113.095,27.8867,株洲市,株冶医院,颗粒物(PM10),149,247,284,63,69,51,,,,13,14,10,9,0.5,0.4
2025-04-14T0600,1519A,113.167,27.8667,株洲市,市四中,颗粒物(PM10),159,268,302,70,72,67,,,,10,13,5,4,0.8,0.8
2025-04-14T0600,1520A,113.143,27.8381,株洲市,火车站,颗粒物(PM10),152,254,271,60,65,74,,,,11,14,8,7,0.5,0.6
2025-04-14T0600,1524A,113.13,27.8528,株洲市,市监测站,颗粒物(PM10),161,271,296,72,78,,,,,6,9,11,8,0.5,0.5
2025-04-14T0600,1559A,113.251,27.8336,株洲市,大京风景区,颗粒物(PM10),109,168,251,48,71,38,,,,4,5,2,4,0.1,0.1
2025-04-14T0600,2031A,113.1817,27.9958,株洲市,云田中学,,,,293,,72,,,70,,,16,,11,,0.7
2025-04-14T0600,1367A,113.5814,22.2618,珠海市,吉大,颗粒物(PM10),177,303,317,85,77,36,,,,38,29,14,8,0.3,0.2
2025-04-14T0600,1368A,113.4881,22.2335,珠海市,前山,颗粒物(PM10),196,341,372,76,71,19,,,,46,33,9,8,0.4,0.4
2025-04-14T0600,1369A,113.628,22.4251,珠海市,唐家,颗粒物(PM10),151,252,287,67,67,19,,,,30,24,6,6,0.5,0.4
2025-04-14T0600,1370A,113.299,22.2281,珠海市,斗门,颗粒物(PM10),164,277,311,74,74,18,,,,37,29,6,7,0.3,0.2
2025-04-14T0600,3308A,113.3494,22.0569,珠海市,金湾,颗粒物(PM10),190,329,400,69,83,38,,,,23,25,10,8,0.4,0.3
2025-04-14T0600,3448A,113.5433,22.1163,珠海市,横琴,颗粒物(PM10),195,339,365,82,82,58,,,,22,27,12,9,0.4,0.3
2025-04-14T0600,2420A,114.0189,32.9656,驻马店市,市一纸厂,颗粒物(PM10),71,92,213,30,45,46,,,,24,16,4,3,0.2,0.3
2025-04-14T0600,2421A,114.0114,33.015,驻马店市,市彩印厂,颗粒物(PM10),64,78,197,19,44,64,,,,17,14,4,3,0.2,0.2
2025-04-14T0600,3339A,114.0012,33.0412,驻马店市,小管楼,颗粒物(PM10),72,93,223,27,49,51,,,,20,16,8,8,0.2,0.2
2025-04-14T0600,4202A,113.9856,32.9802,驻马店市,交通路1233号,颗粒物(PM10),65,80,188,22,48,40,,,,34,22,5,5,0.1,0.3
2025-04-14T0600,2561A,104.6617,30.1372,资阳市,莲花山,颗粒物(PM10),83,115,170,40,45,6,,,,33,19,5,7,0.7,0.6
2025-04-14T0600,2562A,104.6356,30.1506,资阳市,资阳中学,颗粒物(PM10),86,122,197,46,63,1,,,,35,22,10,10,0.6,0.6
2025-04-14T0600,2563A,104.6295,30.1383,资阳市,四三一厂,颗粒物(PM10),80,109,212,42,53,7,,,,30,27,7,8,0.6,0.6
2025-04-14T0600,2564A,104.6463,30.1146,资阳市,师范校,颗粒物(PM10),96,142,166,51,43,1,,,,32,34,3,6,0.7,0.7
2025-04-14T0600,2565A,104.6296,30.1256,资阳市,区法院,颗粒物(PM10),86,122,204,46,62,2,,,,39,35,7,9,0.6,0.6
2025-04-14T0600,1631A,118.0414,36.8103,淄博市,人民公园,颗粒物(PM10),80,110,76,24,17,74,,,,16,8,18,8,0.7,0.5
2025-04-14T0600,1633A,117.8525,36.4847,淄博市,双山,颗粒物(PM10),72,94,62,19,14,80,,,,8,10,6,5,0.6,0.6
2025-04-14T0600,1634A,117.9592,36.6331,淄博市,气象站,颗粒物(PM10),59,68,68,36,23,75,,,,13,11,13,14,0.5,0.4
2025-04-14T0600,3363A,117.9883,36.8372,淄博市,新区,颗粒物(PM10),78,105,76,22,11,62,,,,23,11,22,6,0.7,0.3
2025-04-14T0600,3644A,117.8661,36.805,淄博市,三金集团,颗粒物(PM10),65,80,67,14,13,81,,,,6,9,13,16,0.4,0.5
2025-04-14T0600,3645A,118.0253,36.8406,淄博市,东风化工厂,颗粒物(PM10),75,99,71,22,9,73,,,,14,12,12,7,0.4,0.2
2025-04-14T0600,4212A,118.3039,36.8271,淄博市,广场路1号,颗粒物(PM10),68,85,59,22,11,58,,,,18,16,12,11,0.5,0.4
2025-04-14T0600,3028A,104.776,29.3627,自贡市,檀木林体育馆,颗粒物(PM10),125,200,258,47,56,46,,,,20,16,10,9,0.4,0.4
2025-04-14T0600,3360A,104.7894,29.3194,自贡市,南湖救助站,颗粒物(PM10),101,151,233,51,63,15,,,,38,28,9,6,0.5,0.5
2025-04-14T0600,3638A,104.7636,29.3338,自贡市,轻化工大学,颗粒物(PM10),116,182,275,53,58,15,,,,33,25,7,7,0.6,0.5
2025-04-14T0600,4225A,104.7143,29.3386,自贡市,贡兴路74号,颗粒物(PM10),118,186,248,44,55,19,,,,32,23,6,6,0.3,0.3
2025-04-14T0600,1911A,106.9222,27.6869,遵义市,丁字口,颗粒物(PM10),96,141,246,35,50,33,,,,16,20,5,4,0.3,0.3
2025-04-14T0600,1912A,106.9242,27.7019,遵义市,凤凰山,颗粒物(PM10),102,153,243,51,60,68,,,,11,12,7,8,0.3,0.3
2025-04-14T0600,1913A,106.8906,27.6486,遵义市,忠庄,颗粒物(PM10),89,128,229,45,58,23,,,,24,22,6,6,0.2,0.2
2025-04-14T0600,1914A,106.9231,27.6506,遵义市,舟水桥,颗粒物(PM10),86,122,261,33,56,0,,,,24,22,1,4,0.3,0.2
2025-04-14T0600,1915A,106.9178,27.72,遵义市,干田坝,细颗粒物(PM2.5),82,110,249,60,65,34,,,,14,17,3,5,0.2,0.2
2025-04-14T0600,4245A,106.8609,27.5969,遵义市,遵南大道1161号,颗粒物(PM10),119,188,310,67,99,31,,,,29,24,28,11,0.7,0.5
